449.44	0.00	13.21
703.08	21.78	117.61
1613.23	10.26	60.91
449.44	0.00	117.79
898.79	0.01	8.62
1689.68	6.01	73.70
449.39	0.01	122.03
707.02	21.34	121.08
673.12	62.56	182.15
449.44	0.00	130.61
658.21	26.77	223.37
787.73	56.18	151.39
449.44	0.00	9.16
876.61	2.48	89.21
1705.76	5.12	59.01
449.44	0.00	16.15
793.91	11.68	103.09
783.44	56.42	175.01
449.39	0.01	11.77
898.88	0.00	3.70
1707.87	5.00	52.97
449.44	0.00	7.34
898.70	0.02	8.38
1707.87	5.00	48.88
449.35	0.02	15.60
624.22	30.56	129.09
611.74	65.97	125.11
449.44	0.00	12.75
898.88	0.00	7.49
1347.91	25.02	66.69
449.44	0.00	134.50
654.91	27.14	128.51
1104.24	38.58	152.91
449.44	0.00	130.87
654.91	27.14	127.92
1104.35	38.57	88.63
489.28	0.00	16.58
645.90	42.91	117.57
665.32	50.47	124.26
489.28	0.00	8.02
978.55	0.00	30.61
978.55	50.00	107.16
449.44	0.00	17.37
897.94	0.10	111.82
897.85	50.06	115.40
449.44	0.00	9.35
897.94	0.10	114.48
897.94	50.05	99.35
449.44	0.00	5.28
898.88	0.00	5.40
1797.75	0.00	2.30
449.39	0.01	6.17
898.88	0.00	7.92
1797.75	0.00	7.53
449.44	0.00	1.22
898.70	0.02	1.92
1797.39	0.02	2.22
449.44	0.00	2.11
898.88	0.00	1.92
1797.57	0.01	5.04
449.44	0.00	15.31
898.70	0.02	8.20
969.78	46.06	106.88
449.44	0.00	9.68
898.79	0.01	4.84
952.33	47.03	112.70
449.35	0.02	9.93
898.88	0.00	4.51
1797.75	0.00	4.22
449.44	0.00	6.73
898.88	0.00	4.20
1797.57	0.01	11.34
449.44	0.00	111.73
898.88	0.00	11.90
749.06	56.52	174.18
449.44	0.00	113.81
749.06	16.67	112.86
1198.50	33.33	85.74
449.44	0.00	5.79
898.88	0.00	5.25
1797.75	0.00	5.56
449.39	0.01	4.01
898.88	0.00	4.36
1797.75	0.00	4.48
449.44	0.00	1.14
898.88	0.00	4.51
1797.75	0.00	4.35
449.44	0.00	8.77
898.88	0.00	1.39
1797.75	0.00	2.54
449.44	0.00	5.59
898.88	0.00	7.88
1797.75	0.00	10.32
449.44	0.00	11.44
898.88	0.00	4.51
1348.31	0.00	57.42
449.44	0.00	12.08
898.88	0.00	13.86
1797.57	0.01	3.08
449.44	0.00	7.50
898.79	0.01	8.14
1797.75	0.00	10.90
449.39	0.01	8.35
898.88	0.00	6.62
1797.75	0.00	4.59
449.44	0.00	13.24
898.88	0.00	70.43
1198.50	33.33	69.36
480.26	0.00	2.90
640.35	0.00	3.02
1520.83	5.03	55.50
480.26	0.00	2.59
960.53	0.00	4.59
1520.83	20.94	51.09
449.44	0.00	1.14
898.88	0.00	1.59
1797.75	0.00	3.91
449.35	0.02	3.14
898.88	0.00	8.00
1797.75	0.00	2.38
449.44	0.00	6.60
898.88	0.00	6.19
951.75	47.06	136.39
449.44	0.00	90.37
898.88	0.00	12.26
1797.57	0.01	4.62
449.35	0.02	17.77
898.79	0.01	25.27
449.44	75.00	262.91
449.39	0.01	9.30
898.88	0.00	37.52
449.44	75.00	315.07
449.39	0.01	6.93
898.88	0.00	6.08
1797.75	0.00	4.62
449.35	0.02	9.18
898.88	0.00	2.51
1797.75	0.00	2.42
449.44	0.00	6.85
898.79	0.01	9.25
1572.88	0.01	56.75
449.44	0.00	3.54
898.88	0.00	8.70
1797.75	0.00	3.79
449.44	0.00	7.09
898.79	0.01	2.23
1797.57	0.01	15.26
449.44	0.00	12.62
898.79	0.01	3.74
1647.94	8.33	49.25
449.44	0.00	4.96
898.88	0.00	4.32
1797.75	0.00	4.92
449.44	0.00	6.74
898.88	0.00	6.92
1797.57	0.01	6.10
449.44	0.00	87.44
898.88	0.00	5.46
967.92	46.16	84.01
449.44	0.00	12.04
898.88	0.00	86.92
1797.39	0.02	3.18
449.44	0.00	149.52
898.79	0.01	21.60
769.68	57.19	187.00
449.39	0.01	133.49
898.70	0.02	6.99
592.29	67.05	270.30
449.44	0.00	16.13
898.88	0.00	11.24
1348.18	0.01	99.50
449.44	0.00	6.34
898.88	0.00	13.91
1348.31	25.00	120.56
449.44	0.00	3.27
898.88	0.00	70.19
1797.75	0.00	5.77
449.44	0.00	5.45
898.79	0.01	4.05
1184.88	34.09	69.38
449.39	0.01	11.44
898.88	0.00	6.74
1797.75	0.00	8.64
449.44	0.00	10.30
898.88	0.00	8.64
1797.75	0.00	3.43
449.44	0.00	103.58
785.11	12.66	112.96
1200.69	33.21	74.83
449.44	0.00	6.54
898.88	0.00	16.35
1359.60	24.37	65.20
449.44	0.00	5.96
898.88	0.00	4.88
1797.75	0.00	44.19
449.44	0.00	5.88
898.88	0.00	2.43
1714.52	4.63	49.33
449.39	0.01	7.12
898.88	0.00	1.14
1797.75	0.00	2.80
449.44	0.00	10.93
898.70	0.02	6.75
1797.75	0.00	4.06
449.39	0.01	5.09
898.79	0.01	2.32
1797.75	0.00	9.63
449.44	0.00	1.14
898.88	0.00	2.57
1797.57	0.01	3.50
449.44	0.00	9.80
674.16	25.00	131.69
674.08	64.00	177.95
449.44	0.00	11.05
823.97	8.33	109.39
1273.15	29.18	113.89
449.44	0.00	4.95
898.88	0.00	4.95
1797.75	0.00	4.76
449.44	0.00	3.81
898.88	0.00	1.14
1797.75	0.00	2.16
449.44	0.00	4.72
773.03	14.00	116.31
666.93	62.90	169.02
449.44	0.00	14.10
667.62	25.73	117.25
1017.25	43.42	133.55
449.44	0.00	4.38
898.88	0.00	7.25
1235.96	31.25	70.15
449.44	0.00	7.31
898.88	0.00	6.56
1123.37	37.51	79.42
449.44	0.00	20.52
898.88	0.00	5.61
650.91	63.79	198.87
449.44	0.00	18.33
898.70	0.02	13.43
1038.36	42.24	143.48
449.44	0.00	7.57
898.79	0.01	9.78
1348.31	0.00	70.17
449.44	0.00	9.35
898.88	0.00	11.24
1348.31	0.00	67.06
449.39	0.01	112.09
759.19	15.54	105.79
1797.57	0.01	8.59
449.44	0.00	5.25
898.88	0.00	1.51
734.89	59.12	106.93
449.44	0.00	15.82
898.88	0.00	20.40
1797.75	0.00	8.79
449.39	0.01	14.05
898.88	0.00	6.83
898.88	50.00	104.86
449.44	0.00	213.46
674.16	25.00	116.80
674.16	62.50	117.41
449.44	0.00	5.67
898.88	0.00	7.80
767.79	57.29	110.87
449.44	0.00	8.98
395.51	56.00	201.32
485.34	73.00	224.51
449.44	0.00	10.67
395.51	56.00	207.18
485.30	73.01	224.57
449.44	0.00	6.04
898.88	0.00	4.51
1797.75	0.00	3.75
449.30	0.03	8.26
898.88	0.00	3.47
1797.75	0.00	2.78
447.53	0.00	97.84
895.06	0.00	16.39
447.53	75.00	315.71
447.53	0.00	9.67
447.53	49.84	268.17
895.06	50.02	153.48
449.44	0.00	5.71
898.88	0.00	7.23
1797.75	0.00	6.56
449.44	0.00	70.92
898.88	0.00	6.97
1207.87	32.81	68.94
449.44	0.00	4.95
898.88	0.00	3.81
1797.75	0.00	1.65
449.44	0.00	5.84
898.88	0.00	7.24
1797.75	0.00	2.57
449.35	0.02	8.90
898.88	0.00	5.59
1797.57	0.01	2.32
449.44	0.00	2.04
898.88	0.00	6.48
1797.75	0.00	7.02
449.44	0.00	15.14
898.88	0.00	8.69
898.88	50.00	93.88
449.44	0.00	9.38
898.88	0.00	6.08
898.79	50.00	91.96
449.44	0.00	4.06
898.88	0.00	4.06
1797.75	0.00	2.95
449.44	0.00	2.03
898.88	0.00	4.51
1797.75	0.00	1.94
448.17	0.00	14.21
896.33	0.00	9.88
1493.74	16.67	62.88
448.17	0.00	12.95
448.12	50.00	178.92
448.17	75.00	227.49
449.30	0.03	13.62
898.88	0.00	7.89
1176.86	34.54	76.04
449.44	0.00	103.02
770.47	14.29	114.70
1797.57	0.01	7.92
449.39	0.01	3.25
898.88	0.00	1.14
1797.75	0.00	1.37
449.44	0.00	6.37
898.79	0.01	4.48
1797.57	0.01	4.23
449.39	0.01	12.99
898.79	0.01	18.29
1098.69	38.89	84.57
449.44	0.00	13.90
898.88	0.00	13.44
813.21	54.77	176.58
449.44	0.00	9.82
847.16	5.75	106.83
665.24	63.00	127.53
449.44	0.00	4.38
661.67	26.39	226.62
1325.13	26.29	125.63
449.44	0.00	58.70
898.88	0.00	7.88
959.72	46.62	154.34
449.44	0.00	70.37
898.79	0.01	3.44
1546.37	13.98	63.18
449.44	0.00	3.81
898.88	0.00	4.38
1797.21	0.03	5.17
449.44	0.00	2.03
898.70	0.02	4.17
1797.57	0.01	5.78
449.39	0.01	2.03
898.88	0.00	9.31
1797.75	0.00	2.49
449.35	0.02	6.71
898.88	0.00	7.05
1797.39	0.02	4.27
449.39	0.01	8.01
898.88	0.00	5.49
936.33	47.92	91.15
449.44	0.00	8.99
898.79	0.01	3.42
936.33	47.92	88.53
449.35	0.02	188.38
877.33	2.40	105.14
877.24	51.20	119.13
449.44	0.00	9.71
877.15	2.42	105.29
427.85	76.20	271.95
449.44	0.00	10.06
898.88	0.00	8.05
1635.03	9.05	49.29
449.44	0.00	58.35
898.79	0.01	13.74
1481.89	17.57	66.94
449.44	0.00	9.00
898.88	0.00	4.51
1048.69	41.67	132.71
449.44	0.00	12.86
898.88	0.00	6.21
1235.96	31.25	126.64
449.44	0.00	10.42
898.88	0.00	5.89
973.49	45.85	155.51
449.44	0.00	16.16
898.79	0.01	12.53
1797.75	0.00	5.32
449.44	0.00	7.83
505.52	43.76	155.91
1685.39	6.25	54.38
449.44	0.00	14.95
898.88	0.00	9.76
505.62	71.88	158.85
449.44	0.00	7.11
898.88	0.00	8.24
1029.96	42.71	89.25
449.44	0.00	1.14
898.79	0.01	3.20
1647.78	8.34	56.56
449.44	0.00	6.24
898.79	0.01	6.04
1797.57	0.01	4.09
449.44	0.00	8.02
898.79	0.01	3.44
1797.75	0.00	1.34
449.44	0.00	6.95
898.88	0.00	4.94
1797.75	0.00	2.05
449.35	0.02	2.25
898.88	0.00	4.94
1797.75	0.00	1.14
449.39	0.01	77.41
898.88	0.00	3.47
1123.60	37.50	70.31
449.39	0.01	74.06
898.88	0.00	7.02
1123.26	33.35	117.42
449.39	0.01	12.48
898.88	0.00	8.07
466.72	74.04	220.99
449.44	0.00	10.14
898.79	0.01	11.26
466.68	74.04	225.72
449.44	0.00	4.28
898.88	0.00	4.17
1797.75	0.00	3.07
449.35	0.02	3.30
898.88	0.00	2.03
1797.75	0.00	3.51
449.44	0.00	8.15
898.88	0.00	12.81
1797.75	0.00	13.64
449.39	0.01	16.35
898.88	0.00	2.82
1797.75	0.00	7.97
449.44	0.00	7.90
898.88	0.00	4.89
461.63	74.32	214.85
449.44	0.00	13.22
461.67	48.64	170.36
1394.53	22.43	59.78
449.44	0.00	10.04
898.70	0.02	10.69
1348.31	25.00	116.81
449.39	0.01	12.49
898.88	0.00	12.97
1348.31	25.00	117.14
449.44	0.00	8.73
812.78	9.58	103.48
1721.14	4.26	58.11
449.44	0.00	10.09
812.78	9.58	102.89
1711.66	4.79	92.48
449.44	0.00	11.01
898.88	0.00	4.04
1797.75	0.00	26.34
449.39	0.01	8.85
898.88	0.00	5.48
1348.18	25.01	81.19
449.39	0.01	12.01
449.44	50.00	179.18
1797.75	0.00	5.19
449.35	0.02	14.02
449.44	50.00	174.22
1168.42	31.59	125.61
449.44	0.00	78.72
898.88	0.00	3.07
1050.05	41.59	83.28
449.44	0.00	10.96
449.44	50.00	183.45
449.30	75.01	228.68
449.44	0.00	4.05
898.79	0.01	1.59
1797.75	0.00	5.94
449.39	0.01	2.98
898.79	0.01	3.43
1797.75	0.00	3.16
449.44	0.00	9.05
898.79	0.01	10.97
523.56	70.88	197.56
449.39	0.01	12.49
898.79	0.01	2.57
523.56	70.88	198.19
449.35	0.02	11.18
898.79	0.01	13.42
1348.31	25.00	69.07
449.44	0.00	11.25
898.88	0.00	11.40
1348.31	25.00	69.38
449.44	0.00	5.93
898.88	0.00	4.82
1797.75	0.00	3.49
449.44	0.00	53.05
898.79	0.01	6.91
1540.78	14.29	59.06
449.44	0.00	65.62
898.88	0.00	4.48
1797.75	0.00	13.74
449.44	0.00	4.05
898.88	0.00	2.10
1318.09	26.68	63.66
449.30	0.03	5.30
898.88	0.00	4.35
1797.75	0.00	2.67
449.39	0.01	6.19
898.88	0.00	2.57
1797.57	0.01	4.83
449.44	0.00	9.90
898.78	0.01	13.94
1493.52	16.92	108.51
449.39	0.01	13.22
898.88	0.00	18.21
1610.90	10.39	51.32
449.44	0.00	8.48
898.88	0.00	90.84
898.79	50.00	92.18
449.44	0.00	13.98
898.88	0.00	85.28
898.79	50.00	150.01
449.35	0.02	17.58
898.88	0.00	41.04
898.88	50.00	90.88
449.44	0.00	18.46
898.88	0.00	14.34
898.88	50.00	117.37
449.44	0.00	4.70
898.88	0.00	1.59
1797.75	0.00	3.75
449.44	0.00	2.92
898.88	0.00	2.92
1797.57	0.01	2.61
449.44	0.00	7.99
898.79	0.01	6.34
1359.28	24.39	69.63
449.39	0.01	8.98
898.88	0.00	4.50
1797.75	0.00	1.90
449.44	0.00	4.24
898.88	0.00	9.26
1797.75	0.00	14.91
449.39	0.01	15.30
898.88	0.00	4.30
1797.57	0.01	3.98
449.35	0.02	160.55
706.26	21.43	119.93
502.94	72.02	286.73
449.39	0.01	224.34
577.85	35.71	149.25
706.12	60.72	230.34
449.39	0.01	9.55
898.79	0.01	5.52
1797.39	0.02	3.05
449.44	0.00	5.18
898.79	0.01	3.03
1797.39	0.02	5.21
449.44	0.00	6.73
898.88	0.00	1.84
1797.75	0.00	4.57
449.44	0.00	2.92
898.79	0.01	4.07
1797.75	0.00	5.02
449.44	0.00	2.28
898.88	0.00	1.59
1797.57	0.01	3.97
449.44	0.00	2.03
898.88	0.00	2.48
1797.75	0.00	2.16
449.39	0.01	6.39
898.88	0.00	7.84
1404.49	21.88	61.51
449.44	0.00	10.76
898.70	0.02	4.84
1516.85	15.62	63.59
449.44	0.00	8.23
898.88	0.00	6.49
1497.98	16.67	56.80
449.44	0.00	2.04
898.88	0.00	54.80
1797.75	0.00	2.31
449.44	0.00	6.96
898.88	0.00	8.00
945.44	47.41	151.95
449.44	0.00	4.12
898.88	0.00	8.11
949.49	47.18	153.25
449.44	0.00	5.72
898.88	0.00	2.09
1797.75	0.00	1.30
449.39	0.01	3.05
898.88	0.00	6.80
1797.57	0.01	8.74
446.90	0.02	66.51
893.97	0.00	4.26
1340.96	14.29	69.66
446.99	0.00	7.95
893.88	0.01	5.60
1117.47	16.67	97.27
449.44	0.00	9.41
656.16	27.00	135.26
972.71	45.89	160.12
449.44	0.00	247.42
656.10	27.01	120.93
1105.60	38.50	131.56
449.44	0.00	6.04
898.88	0.00	5.85
1797.75	0.00	6.67
449.39	0.01	4.01
898.88	0.00	3.94
1797.75	0.00	5.15
449.39	0.01	5.75
898.88	0.00	5.11
1797.75	0.00	2.47
449.44	0.00	4.54
898.88	0.00	6.89
1797.75	0.00	7.76
449.44	0.00	9.41
898.88	0.00	11.12
722.47	59.81	107.21
449.39	0.01	6.74
898.88	0.00	15.76
722.47	59.81	167.72
449.44	0.00	1.14
898.88	0.00	3.57
1797.75	0.00	2.37
449.39	0.01	7.02
898.88	0.00	6.32
1797.57	0.01	4.46
449.44	0.00	6.61
674.16	25.00	127.05
674.16	62.50	173.48
449.44	0.00	11.77
898.79	0.01	5.57
898.79	50.00	150.78
449.35	0.02	6.85
898.88	0.00	11.36
1169.22	34.96	75.08
449.39	0.01	5.35
898.88	0.00	3.55
1797.75	0.00	5.52
449.44	0.00	8.51
898.88	0.00	10.71
1528.09	15.00	57.26
449.35	0.02	2.59
898.88	0.00	1.68
1528.09	15.00	58.68
449.44	0.00	15.34
898.88	0.00	5.30
764.04	57.50	151.27
449.44	0.00	4.56
898.70	0.02	6.56
764.04	57.50	105.99
449.44	0.00	6.76
898.88	0.02	11.54
1349.12	25.00	61.42
449.44	0.00	5.42
898.88	0.00	17.55
1349.12	0.00	111.85
550.08	0.00	19.62
990.29	47.57	179.81
1101.17	47.46	147.44
550.08	0.00	122.77
553.91	14.20	122.46
1541.21	48.14	87.66
449.44	0.00	5.21
898.88	0.00	3.37
1797.75	0.00	3.08
449.44	0.00	2.03
898.88	0.00	2.48
1797.75	0.00	2.83
449.35	0.02	8.04
898.79	0.01	6.61
1797.75	0.00	4.03
449.39	0.01	7.15
898.70	0.02	6.85
1797.75	0.00	2.43
449.44	0.00	4.00
898.88	0.00	2.64
1797.21	0.03	4.91
449.44	0.00	2.03
898.88	0.00	2.57
1797.75	0.00	5.02
449.35	0.02	2.40
898.88	0.00	1.14
1797.75	0.00	1.14
449.35	0.02	2.24
898.70	0.02	3.33
1797.75	0.00	2.18
449.39	0.01	9.02
898.70	0.02	5.66
1221.55	32.05	71.54
449.44	0.00	92.28
893.11	0.64	83.14
904.55	49.68	95.41
449.44	0.00	5.51
674.02	25.01	118.45
1797.75	0.00	5.79
449.44	0.00	9.11
898.88	0.00	2.61
674.09	62.50	118.78
449.44	0.00	6.95
898.88	0.00	4.80
1797.75	0.00	2.37
449.35	0.02	5.99
898.88	0.00	3.46
1797.75	0.00	5.21
449.44	0.00	4.34
898.79	0.01	55.62
1797.39	0.02	3.50
449.39	0.01	10.30
898.88	0.00	6.17
1556.98	13.39	53.23
449.39	0.01	10.86
898.79	0.01	8.10
1011.24	43.75	80.20
449.44	0.00	6.21
898.70	0.02	7.20
1011.24	43.75	76.30
366.68	18.41	240.40
724.14	19.44	153.33
357.46	80.12	340.60
449.44	0.00	31.89
724.14	19.44	127.03
724.00	59.73	126.83
299.96	33.26	262.11
297.41	66.91	260.68
1258.12	30.02	81.53
301.47	32.92	255.65
898.88	0.00	11.68
1258.12	30.02	65.81
449.35	0.02	24.93
449.35	50.01	198.31
449.30	75.01	267.88
449.44	0.00	23.97
898.88	0.00	28.22
898.88	50.00	99.87
449.44	0.00	6.40
898.88	0.00	9.61
1528.09	15.00	108.19
449.44	0.00	2.75
898.61	0.03	6.44
1617.98	10.00	56.42
449.35	0.02	12.64
898.70	0.02	7.43
1797.75	0.00	3.41
449.44	0.00	11.31
898.79	0.01	8.72
1797.39	0.02	5.87
449.39	0.01	12.71
898.88	0.00	10.71
674.16	62.50	169.56
449.39	0.01	11.38
898.88	0.00	4.99
674.16	62.50	119.89
449.44	0.00	101.10
898.88	0.00	8.12
842.70	53.12	98.84
449.44	0.00	14.02
898.79	0.01	12.66
1797.57	0.01	20.49
449.44	0.00	5.85
898.88	0.00	6.48
1797.39	0.02	2.54
449.44	0.00	3.11
898.88	0.00	8.77
1198.38	27.28	74.07
449.39	0.01	4.98
898.88	0.00	6.04
1797.39	0.02	7.05
449.44	0.00	9.32
898.70	0.02	2.95
1797.75	0.00	1.16
449.35	0.02	8.74
898.79	0.01	5.22
1797.75	0.00	5.79
449.35	0.02	2.62
898.88	0.00	7.99
1797.75	0.00	3.57
449.35	0.02	7.85
898.79	0.01	7.63
1797.75	0.00	4.78
449.44	0.00	6.02
898.79	0.01	2.31
1797.75	0.00	11.37
299.99	20.01	239.50
300.02	63.64	230.16
1312.60	25.53	80.75
449.44	0.00	11.28
337.45	62.51	235.38
1162.59	40.38	134.49
449.44	0.00	7.24
898.88	0.00	2.83
1797.75	0.00	11.04
449.44	0.00	6.61
898.79	0.01	10.36
1438.20	20.00	61.60
449.44	0.00	4.70
898.88	0.00	9.28
1797.75	0.00	4.32
449.44	0.00	8.26
898.79	0.01	9.28
1797.75	0.00	3.37
449.39	0.01	3.12
898.79	0.01	5.75
1797.75	0.00	3.62
449.44	0.00	2.92
898.88	0.00	4.86
1797.75	0.00	1.14
449.39	0.01	8.77
898.79	0.01	3.75
1797.75	0.00	3.18
449.44	0.00	4.06
898.88	0.00	5.34
1797.75	0.00	5.08
449.44	0.00	232.53
808.56	10.05	127.25
596.94	66.80	262.64
449.44	0.00	3.57
898.88	0.00	16.41
755.04	58.00	143.26
449.44	0.00	11.57
898.88	0.00	11.25
1136.51	36.78	78.09
449.44	0.00	13.32
898.88	0.00	1.32
898.61	50.01	169.01
449.44	0.00	10.48
898.88	0.00	14.14
1085.93	39.60	150.29
449.44	0.00	12.94
898.88	0.00	11.96
1310.86	27.08	62.72
449.44	0.00	2.49
898.88	0.00	9.53
1598.00	11.11	57.28
449.44	0.00	10.57
898.88	0.00	5.47
1598.00	11.11	53.06
449.44	0.00	9.07
898.88	0.00	6.46
1767.55	1.68	53.13
449.44	0.00	11.74
898.88	0.00	5.10
1797.75	0.00	4.36
449.44	0.00	15.59
898.79	0.01	15.40
953.80	46.95	145.26
449.44	0.00	5.73
898.79	0.01	11.49
1797.75	0.00	7.21
449.44	0.00	28.12
868.83	3.34	98.13
1797.75	0.00	5.48
449.39	0.01	11.19
898.88	0.00	5.14
1138.46	36.67	105.77
449.44	0.00	5.59
898.88	0.00	4.06
1797.75	0.00	4.73
449.44	0.00	2.92
898.88	0.00	2.03
1797.75	0.00	3.05
449.39	0.01	21.05
898.88	0.00	14.18
1068.13	40.58	120.73
449.44	0.00	15.46
898.88	0.00	13.97
1068.13	40.58	108.22
449.39	0.01	10.30
898.79	0.01	14.78
1797.39	0.02	8.61
449.44	0.00	12.64
898.88	0.00	66.27
1254.36	30.23	67.57
449.44	0.00	14.40
690.15	22.70	132.23
690.15	61.62	192.38
449.44	0.00	5.43
569.79	36.63	143.39
569.85	68.09	209.99
449.44	0.00	13.40
505.62	43.75	159.26
521.67	70.98	315.61
449.35	0.02	107.12
898.88	0.00	6.25
1252.01	30.36	77.19
449.44	0.00	5.37
898.70	0.02	3.30
1797.75	0.00	3.58
449.44	0.00	6.26
898.88	0.00	5.33
1797.57	0.01	6.09
449.44	0.00	2.13
725.38	19.30	109.26
719.03	60.00	113.13
449.35	0.02	9.62
898.88	0.00	6.63
1797.57	0.01	4.34
449.44	0.00	53.64
898.88	0.00	14.97
975.61	45.73	138.72
449.30	0.03	10.23
898.79	0.01	13.14
981.09	45.43	94.67
449.44	0.00	3.81
898.88	0.00	3.94
1797.75	0.00	3.11
449.39	0.01	6.74
898.88	0.00	4.51
1797.75	0.00	3.91
449.39	0.01	6.67
898.88	0.00	7.24
1797.75	0.00	1.64
449.44	0.00	14.22
898.88	0.00	9.84
1528.09	15.00	65.27
449.39	0.01	9.69
898.88	0.00	1.66
1797.57	0.01	3.35
449.35	0.02	3.16
898.79	0.01	4.03
1797.75	0.00	6.61
449.44	0.00	2.46
898.79	0.01	2.59
1198.50	27.27	118.86
449.44	0.00	2.75
898.88	0.00	8.20
1048.69	41.67	82.50
449.35	0.02	8.16
898.88	0.00	5.51
1797.75	0.00	7.23
449.39	0.01	5.24
898.79	0.01	2.73
1797.75	0.00	2.40
449.35	0.02	7.83
898.88	0.00	9.94
1617.98	10.00	58.11
404.45	10.01	200.12
898.88	0.00	8.57
404.49	77.50	242.75
449.44	0.00	6.04
898.88	0.00	9.80
1797.57	0.01	8.50
449.44	0.00	3.17
898.88	0.00	3.50
1797.75	0.00	5.06
449.40	0.01	152.55
898.88	0.00	6.69
1685.12	6.27	49.43
449.44	0.00	4.61
505.62	43.75	160.25
505.45	71.88	273.14
449.39	0.01	4.01
898.88	0.00	1.14
1797.75	0.00	3.84
449.44	0.00	6.04
898.88	0.00	2.92
1797.75	0.00	4.51
354.74	0.00	133.69
638.56	48.06	174.91
357.01	73.21	219.63
354.74	0.00	16.89
641.28	47.08	146.00
640.90	58.23	220.99
449.35	0.02	64.30
813.27	9.52	107.05
813.27	54.76	105.11
449.44	0.00	13.46
898.88	0.00	3.44
813.19	54.77	157.82
449.44	0.00	2.28
898.79	0.01	4.10
1797.75	0.00	5.04
449.44	0.00	2.92
898.88	0.00	5.62
1797.57	0.01	3.75
449.44	0.00	14.61
898.88	0.00	7.07
1797.57	0.01	2.68
449.44	0.00	3.60
898.79	0.01	3.22
1647.78	8.34	52.23
449.44	0.00	1.39
898.88	0.00	5.63
1797.39	0.02	6.39
449.44	0.00	7.89
898.88	0.00	1.39
1797.75	0.00	1.16
449.44	0.00	5.51
898.88	0.00	4.31
1722.67	4.18	48.72
449.44	0.00	12.29
898.88	0.00	8.55
1647.94	8.33	51.79
449.35	0.02	12.67
898.88	0.00	12.98
1075.08	40.20	84.63
449.44	0.00	5.80
898.70	0.02	14.28
1075.08	40.20	96.24
410.25	0.00	5.51
767.99	0.00	8.49
820.90	51.18	91.95
410.25	0.00	7.82
1135.57	0.00	15.91
1146.59	42.04	97.37
449.44	0.00	5.99
898.88	0.00	2.68
1797.57	0.01	3.36
449.39	0.01	10.00
898.88	0.00	7.24
1797.75	0.00	1.86
449.44	0.01	58.45
898.88	0.00	1.22
1353.36	0.00	60.39
449.44	0.00	2.18
898.88	0.00	3.99
1353.36	0.00	60.60
439.94	0.00	19.66
879.88	0.00	17.11
1759.76	0.00	32.63
439.94	0.00	25.44
879.70	0.02	12.13
1759.76	0.00	25.11
449.35	0.02	9.92
393.26	56.25	201.20
1348.31	25.00	69.45
449.44	0.00	2.75
393.22	56.25	202.30
1348.31	25.00	67.57
449.35	0.02	14.90
407.15	54.70	194.22
1451.98	19.23	57.02
449.39	0.01	13.60
407.15	54.70	196.03
1452.13	19.23	64.07
449.44	0.00	5.15
898.79	0.01	3.71
1797.75	0.00	3.88
449.44	0.00	2.03
898.88	0.00	1.59
1797.75	0.00	2.43
449.44	0.00	3.81
898.88	0.00	6.16
1797.75	0.00	2.18
449.44	0.00	2.92
898.88	0.00	6.10
1797.39	0.02	3.25
449.44	0.00	14.70
898.88	0.00	12.16
1055.82	41.27	82.90
449.39	0.01	8.20
898.88	0.00	12.44
713.39	60.32	169.12
449.44	0.00	3.50
898.88	0.00	6.79
1797.75	0.00	6.90
449.44	0.00	8.60
898.88	0.00	71.00
1257.67	30.04	62.42
449.44	0.00	119.60
761.23	15.31	110.16
623.59	65.31	200.32
449.39	0.01	7.66
623.59	30.63	139.53
1247.18	30.63	120.09
449.44	0.00	170.97
898.70	0.02	4.35
1370.11	23.79	73.01
449.39	0.01	10.45
898.88	0.00	6.86
471.23	73.79	176.71
404.22	10.02	189.69
808.59	10.00	115.17
808.59	55.00	130.12
449.17	0.01	20.13
404.30	55.00	215.03
808.59	55.00	157.05
449.44	0.00	25.06
823.33	8.40	114.92
823.41	54.20	141.89
415.75	7.50	208.88
407.62	54.65	303.62
727.09	59.56	215.00
449.44	0.00	30.77
898.88	0.00	12.20
1112.33	38.13	140.71
449.44	0.00	5.26
898.88	0.00	35.24
1393.45	22.49	59.54
449.44	0.00	3.17
898.88	0.00	5.66
1797.75	0.00	1.62
449.35	0.02	6.57
898.70	0.02	6.36
1797.39	0.02	3.45
449.44	0.00	8.26
898.70	0.02	4.32
1797.57	0.01	2.93
449.44	0.00	2.03
898.88	0.00	5.15
1797.75	0.00	1.97
449.39	0.01	5.56
898.79	0.01	7.39
851.40	52.64	98.77
449.44	0.00	88.93
898.88	0.00	3.01
851.57	52.63	94.65
449.44	0.00	20.18
898.88	0.00	6.90
861.42	52.08	94.02
449.39	0.01	141.44
842.70	6.25	92.78
875.90	51.28	142.89
449.44	0.00	8.51
898.88	0.00	5.27
1797.75	0.00	6.19
449.44	0.00	2.92
898.88	0.00	3.37
1797.75	0.00	4.13
449.39	0.01	5.60
898.79	0.01	7.04
1797.75	0.00	3.27
449.39	0.01	8.86
898.88	0.00	4.56
1797.75	0.00	4.73
449.44	0.00	12.19
674.16	25.00	115.43
1348.31	25.00	69.15
449.44	0.00	5.96
674.16	25.00	118.99
1348.31	25.00	74.79
449.44	0.00	5.59
898.88	0.00	5.27
1797.75	0.00	2.03
449.44	0.00	2.92
898.79	0.01	4.83
1797.75	0.00	3.43
449.44	0.00	4.92
898.88	0.00	6.57
1797.39	0.02	4.92
449.44	0.00	7.55
898.88	0.00	5.83
1498.13	16.67	56.83
414.79	0.00	15.56
411.81	52.07	251.71
1048.26	48.88	129.93
229.10	61.97	376.89
413.21	52.47	248.34
598.10	67.34	253.63
449.44	0.00	4.19
898.88	0.00	3.30
1797.75	0.00	4.24
449.39	0.01	2.03
898.88	0.00	2.03
1797.39	0.02	2.59
449.44	0.00	4.44
898.70	0.02	3.43
1797.75	0.00	1.30
449.39	0.01	2.93
898.88	0.00	3.81
1797.75	0.00	2.19
427.64	4.88	374.51
405.71	53.75	288.12
833.36	53.66	116.20
416.60	7.34	210.96
833.19	7.34	148.08
833.19	53.38	125.35
449.39	0.01	7.28
898.88	0.00	3.21
1498.13	16.67	58.01
449.44	0.00	4.48
898.88	0.00	7.33
1498.13	16.67	51.52
449.44	0.00	15.86
564.09	37.25	142.86
559.28	68.89	199.61
449.30	0.03	8.25
898.88	0.00	5.43
1259.74	29.93	70.65
449.44	0.00	5.84
898.88	0.00	4.38
1797.75	0.00	2.60
449.44	0.00	6.73
898.88	0.00	2.03
1797.57	0.01	7.63
449.44	0.00	7.07
898.79	0.01	16.08
898.79	50.00	97.95
449.44	0.00	5.06
898.88	0.00	12.12
898.88	33.33	144.55
449.44	0.00	4.06
898.88	0.00	2.92
1797.75	0.00	4.03
449.44	0.00	6.99
898.88	0.00	6.67
1797.57	0.01	4.93
449.44	0.00	4.06
898.88	0.00	5.08
1797.57	0.01	3.75
449.44	0.00	8.13
898.79	0.01	5.69
1797.75	0.00	1.65
448.74	0.00	85.18
897.47	0.00	89.41
1121.73	50.00	144.56
448.65	0.02	17.40
897.47	0.00	11.89
897.47	60.00	171.94
449.44	0.00	84.73
898.88	0.00	8.44
1079.90	39.93	126.93
449.39	0.01	16.66
898.88	0.00	14.85
898.88	50.00	150.49
449.44	0.00	7.51
898.88	0.00	11.21
1797.57	0.01	4.49
449.44	0.00	5.56
898.88	0.00	3.61
1120.56	37.67	80.23
449.35	0.02	7.48
898.88	0.00	4.35
1797.75	0.00	2.28
449.35	0.02	5.99
898.88	0.00	1.14
1797.75	0.00	2.30
449.39	0.01	196.78
543.84	39.50	147.51
1033.23	42.53	82.60
449.44	0.00	8.25
898.87	0.00	2.21
539.84	69.97	191.72
449.39	0.01	7.74
898.88	0.00	6.61
1797.75	0.00	5.51
449.44	0.00	55.84
898.88	0.00	3.15
1460.67	18.75	59.44
429.68	0.00	165.68
853.83	0.32	105.37
785.69	60.62	103.48
429.68	0.00	10.67
426.97	50.31	167.85
495.26	80.38	189.88
449.44	0.00	5.97
898.70	0.02	5.11
1797.75	0.00	6.80
449.44	0.00	9.78
898.70	0.02	3.96
1797.75	0.00	3.16
449.30	0.03	8.83
898.88	0.00	1.20
1797.75	0.00	4.28
449.44	0.00	11.29
898.79	0.01	8.93
1797.57	0.01	12.09
449.44	0.00	6.66
898.88	0.00	8.49
1797.75	0.00	5.31
449.44	0.00	7.11
898.79	0.01	7.22
1797.75	0.00	6.38
449.44	0.00	7.85
898.88	0.00	86.54
898.88	50.00	85.84
449.44	0.00	4.71
898.79	0.01	1.15
1797.39	0.02	5.20
449.44	0.00	7.46
898.79	0.01	9.31
1707.52	5.02	45.71
449.30	0.03	10.68
898.88	0.00	10.04
1348.31	25.00	117.87
449.39	0.01	26.35
449.35	50.01	195.51
898.88	50.00	164.54
449.39	0.01	345.41
449.39	50.01	196.59
449.39	75.00	437.35
449.35	0.02	19.28
803.01	10.66	114.80
802.93	55.34	101.85
449.44	0.00	10.25
802.93	10.67	125.90
802.77	55.35	180.03
449.44	0.00	4.56
898.88	0.00	5.88
1797.75	0.00	6.34
449.44	0.00	6.67
898.79	0.01	3.62
1797.57	0.01	2.64
449.44	0.00	5.71
898.88	0.00	7.78
1385.77	22.92	59.72
449.44	0.00	1.59
898.88	0.00	4.59
1348.18	25.01	58.72
449.44	0.00	10.72
898.88	0.00	6.81
1797.75	0.00	9.83
449.35	0.02	4.24
898.79	0.01	3.01
1348.31	0.00	53.23
449.44	0.00	9.03
898.88	0.00	4.83
1617.82	10.01	50.74
449.44	0.00	2.42
898.79	0.01	2.80
1617.82	10.01	48.64
449.39	0.01	11.07
898.88	0.00	8.76
695.94	61.29	171.39
449.44	0.00	6.66
898.88	0.00	12.23
702.18	60.94	180.44
449.39	0.01	4.75
674.16	25.00	120.57
1573.03	12.50	57.80
449.44	0.00	7.92
898.79	0.01	3.72
674.09	62.50	119.81
449.39	0.01	9.36
898.88	0.00	16.76
1597.84	11.12	103.32
449.39	0.01	11.92
898.88	0.00	75.24
1023.72	43.06	87.71
449.44	0.00	11.91
760.59	15.38	115.40
722.17	59.83	265.62
449.44	0.00	74.63
898.88	0.00	5.43
789.40	56.09	183.74
449.44	0.00	10.69
505.62	43.75	164.00
1410.74	21.53	58.92
449.35	0.02	11.74
898.88	0.00	14.61
505.62	71.88	217.46
449.44	0.00	1.14
898.88	0.00	4.26
1797.75	0.00	1.59
449.44	0.00	2.92
898.88	0.00	6.48
1797.75	0.00	2.92
449.39	0.01	48.76
898.79	0.01	57.78
1550.65	13.74	55.53
449.44	0.00	7.03
898.88	0.00	2.98
1733.55	3.57	51.45
449.44	0.00	10.09
898.79	0.01	10.11
1469.53	18.26	79.87
449.44	0.00	1.14
898.70	0.02	3.11
1287.71	28.37	67.23
449.44	0.00	10.25
898.88	0.00	6.08
1797.75	0.00	3.90
449.35	0.02	7.58
898.88	0.00	3.28
1797.75	0.00	6.08
447.25	0.00	26.67
559.06	37.50	155.53
1229.94	31.25	131.05
447.25	0.00	6.83
596.33	36.00	167.69
1229.82	28.27	113.78
449.44	0.00	1.14
898.70	0.02	6.10
1797.57	0.01	2.48
449.30	0.03	5.76
898.88	0.00	4.70
1797.57	0.01	3.82
449.44	0.00	180.81
898.88	0.00	13.12
966.80	46.22	158.37
449.44	0.00	20.09
449.83	49.96	179.19
1154.17	35.80	143.87
449.44	0.00	25.71
449.44	50.00	193.86
449.44	75.00	261.22
449.39	0.01	18.37
722.24	19.65	199.17
898.61	50.01	211.38
449.39	0.01	7.56
898.88	0.00	6.23
1797.57	0.01	7.01
449.44	0.00	13.80
898.88	0.00	1.98
1797.39	0.02	2.92
449.44	0.00	6.67
898.88	0.00	1.97
1797.75	0.00	2.58
449.44	0.00	3.81
898.70	0.02	8.09
1797.75	0.00	4.90
449.44	0.00	5.59
898.88	0.00	5.84
1797.75	0.00	2.51
449.44	0.00	3.81
898.88	0.00	6.16
1797.75	0.00	4.06
449.39	0.01	4.89
898.88	0.00	5.94
1797.75	0.00	4.22
449.44	0.00	5.78
898.88	0.00	3.37
1797.57	0.01	3.88
449.44	0.00	16.03
898.79	0.01	9.08
898.70	50.01	98.83
449.40	0.01	6.35
898.88	0.00	8.80
898.69	50.01	86.17
449.44	0.00	14.13
898.88	0.00	10.06
1198.26	33.35	68.95
449.39	0.01	7.25
898.88	0.00	11.72
1797.57	0.01	5.97
449.44	0.00	12.41
898.79	0.01	2.65
1797.75	0.00	1.51
449.44	0.00	7.07
898.79	0.01	4.97
1797.75	0.00	5.37
449.44	0.00	4.10
827.80	7.91	94.31
1235.96	31.25	118.52
449.44	0.00	11.61
805.81	10.35	98.85
786.52	56.25	160.71
448.71	0.01	12.55
898.88	0.00	6.80
1256.50	30.00	67.15
448.75	0.00	3.66
897.50	0.00	70.28
1795.00	0.00	11.32
449.39	0.01	8.46
898.79	0.01	5.48
1797.57	0.01	6.04
449.44	0.00	5.79
898.88	0.00	2.58
1797.75	0.00	1.64
449.39	0.01	9.73
898.88	0.00	10.06
1011.09	43.76	133.58
449.44	0.00	14.08
898.88	0.00	9.25
1685.54	6.24	49.38
449.44	0.00	3.81
898.88	0.00	1.14
1797.75	0.00	1.14
449.44	0.00	4.95
898.88	0.00	4.64
1797.75	0.00	1.94
449.44	0.00	5.08
898.70	0.02	1.52
1797.75	0.00	4.86
449.44	0.00	8.06
898.79	0.01	5.38
1797.57	0.01	6.60
449.44	0.00	5.73
898.79	0.01	4.50
1123.60	37.50	74.22
449.44	0.00	7.17
898.88	0.00	4.39
1123.48	37.51	70.82
449.44	0.00	11.52
898.88	0.00	5.10
1198.38	33.34	116.92
449.44	0.00	4.22
898.79	0.01	7.31
1235.96	31.25	114.97
449.44	0.00	10.81
898.88	0.00	10.68
1089.10	39.42	81.76
449.44	0.00	60.95
898.88	0.00	9.35
1523.52	15.25	51.87
449.44	0.00	4.91
898.79	0.01	2.68
1797.57	0.01	4.06
449.44	0.00	1.14
898.79	0.01	2.58
1797.75	0.00	1.48
449.44	0.00	9.02
898.79	0.01	8.10
1797.75	0.00	1.88
449.44	0.00	4.91
898.88	0.00	6.67
1647.78	8.34	55.09
449.44	0.00	10.03
898.88	0.00	9.38
1482.09	17.56	110.89
449.39	0.01	55.81
898.88	0.00	10.21
850.58	52.69	209.69
449.39	0.01	13.80
898.88	0.00	4.22
1048.69	46.15	81.21
449.39	0.01	75.29
898.88	0.00	11.71
1048.69	41.67	86.04
449.44	0.00	95.80
898.88	0.00	88.68
898.88	50.00	154.99
449.44	0.00	13.03
898.79	0.01	60.15
898.79	50.01	159.90
449.44	0.00	4.07
898.88	0.00	1.14
1797.75	0.00	2.13
449.44	0.00	2.92
898.79	0.01	5.91
1797.75	0.00	4.61
449.44	0.00	5.65
898.79	0.01	9.79
931.60	48.18	82.63
449.44	0.00	17.86
898.88	0.00	4.07
931.60	48.18	91.22
449.44	0.00	5.29
898.88	0.00	7.09
1797.75	0.00	3.89
449.44	0.00	5.71
898.88	0.00	4.71
1797.21	0.03	6.05
449.44	0.00	3.81
898.88	0.00	3.62
1797.75	0.00	3.55
449.44	0.00	5.84
898.79	0.01	5.27
1797.57	0.01	4.61
449.44	0.00	5.92
622.30	30.77	130.25
622.30	65.38	178.93
449.44	0.00	9.44
898.88	0.00	9.28
1451.89	19.24	57.51
449.44	0.00	7.13
898.88	0.00	1.59
1572.88	12.51	50.38
449.44	0.00	51.62
898.88	0.00	4.58
1572.88	12.51	52.45
449.44	0.00	12.80
898.88	0.00	3.26
1495.02	16.84	55.78
449.39	0.01	19.58
898.79	0.01	19.67
1081.06	39.87	132.19
449.44	0.00	13.61
719.03	20.01	113.91
719.10	60.00	172.45
449.39	0.01	15.45
898.79	0.01	13.15
868.83	51.67	100.07
449.44	0.00	3.47
749.06	16.67	105.83
748.84	58.35	110.97
449.44	0.00	3.39
898.88	0.00	7.13
1797.57	0.01	3.77
449.44	0.00	18.50
818.12	8.98	124.69
757.25	57.88	210.75
449.44	0.00	10.47
818.20	8.98	112.84
818.20	54.49	151.20
449.44	0.00	6.83
898.88	0.00	1.76
1797.75	0.00	6.55
449.39	0.01	5.05
898.88	0.00	2.65
1797.75	0.00	4.10
449.44	0.00	8.39
622.17	30.78	125.12
622.30	65.38	125.68
449.44	0.00	7.11
898.88	0.00	3.63
622.30	65.38	129.80
449.35	0.02	8.39
898.70	0.02	7.07
1797.39	0.02	18.19
449.44	0.00	7.45
898.70	0.02	3.68
1797.21	0.03	13.13
449.44	0.00	7.62
898.88	0.00	5.08
1797.75	0.00	5.72
449.44	0.00	4.06
898.88	0.00	8.32
1797.75	0.00	4.60
449.35	0.02	13.78
742.63	17.38	123.67
1788.01	0.54	39.91
449.44	0.00	12.02
788.55	12.27	105.18
1215.28	32.40	109.44
449.44	0.00	5.97
898.88	0.00	1.59
1797.75	0.00	2.46
449.39	0.01	4.02
898.79	0.01	3.63
1797.57	0.01	3.60
449.39	0.01	3.65
898.88	0.00	2.50
1087.29	39.52	130.40
449.44	0.00	8.69
898.88	0.00	76.03
1345.91	25.13	61.45
449.44	0.00	10.54
894.51	0.49	92.30
881.42	50.97	100.82
449.44	0.00	8.58
881.42	1.94	92.01
881.25	50.98	96.93
449.44	0.00	8.17
898.79	0.01	7.26
1797.57	0.01	5.40
449.44	0.00	1.14
898.88	0.00	3.74
1797.75	0.00	4.69
449.44	0.00	7.48
898.61	0.03	4.83
1797.57	0.01	4.33
449.44	0.00	2.03
898.79	0.01	6.13
1797.75	0.00	1.81
449.39	0.01	19.47
831.45	7.50	111.40
831.53	53.75	184.11
449.39	0.01	20.67
831.53	7.49	121.78
831.45	53.75	98.29
449.44	0.00	12.67
898.70	0.02	2.53
1797.75	0.00	4.15
449.44	0.00	7.97
898.70	0.02	5.74
1797.75	0.00	4.10
449.44	0.00	17.25
898.70	0.02	11.11
690.21	61.61	243.15
449.44	0.00	9.98
738.29	17.87	117.27
690.21	61.61	112.27
449.44	0.00	8.16
898.88	0.00	10.08
898.88	50.00	93.58
449.35	0.02	12.51
898.88	0.00	2.98
898.88	50.00	89.80
449.44	0.00	11.39
599.25	33.33	131.88
1797.75	0.00	1.75
449.30	0.03	9.31
593.68	33.95	132.69
592.32	67.05	131.85
449.44	0.00	4.70
898.88	0.00	6.04
1797.75	0.00	2.30
449.44	0.00	3.81
898.79	0.01	9.25
1797.75	0.00	4.64
449.44	0.00	1.14
898.79	0.01	1.59
1797.75	0.00	1.56
449.39	0.01	3.25
898.79	0.01	6.12
1797.75	0.00	4.06
449.44	0.00	13.26
898.88	0.00	13.27
1110.07	38.25	83.07
449.44	0.00	130.08
898.88	0.00	7.79
660.74	63.25	210.47
449.44	0.00	5.97
898.88	0.00	11.50
1797.75	0.00	10.66
449.44	0.00	7.56
898.88	0.00	11.95
1797.75	0.00	13.98
449.44	0.00	12.52
898.88	0.00	6.76
1048.48	41.68	85.24
449.44	0.00	10.30
898.88	0.00	3.31
1423.22	20.83	66.89
449.44	0.00	10.16
898.88	0.00	13.81
1425.87	20.69	58.34
449.44	0.00	16.78
898.88	0.00	17.16
1426.01	20.68	57.93
449.44	0.00	4.70
898.88	0.00	1.97
1797.75	0.00	2.09
449.44	0.00	7.88
898.88	0.00	5.78
1797.75	0.00	6.51
449.44	0.00	12.54
651.19	27.56	139.10
661.17	63.22	278.10
449.44	0.00	135.14
898.88	0.00	7.22
1110.61	38.22	74.26
449.44	0.00	11.61
898.70	0.02	9.86
1348.31	25.00	68.50
449.44	0.00	12.52
898.88	0.00	12.49
1348.18	25.01	78.45
404.41	10.02	201.34
898.88	0.00	5.22
1078.54	40.01	134.60
449.44	0.00	5.34
404.49	55.00	192.52
1168.54	35.00	84.90
449.44	0.00	5.68
898.88	0.00	2.36
1336.49	25.66	111.42
449.44	0.00	7.53
898.79	0.01	16.00
1773.74	1.34	47.06
449.39	0.01	5.24
898.88	0.00	6.93
1797.39	0.02	6.21
449.44	0.00	1.14
898.79	0.01	5.56
1797.75	0.00	5.30
449.44	0.00	13.01
674.16	25.00	121.17
674.16	62.50	130.49
449.44	0.00	8.37
898.88	0.00	2.96
1797.57	0.01	10.95
449.44	0.00	7.33
898.88	0.00	7.05
1348.18	0.01	58.78
449.39	0.01	1.48
898.88	0.00	9.50
1797.75	0.00	1.92
370.26	17.62	224.87
740.66	17.60	159.62
370.33	79.40	370.74
449.44	0.00	32.52
740.52	17.62	124.23
740.66	58.80	150.64
449.44	0.00	4.06
898.88	0.00	5.40
1797.75	0.00	1.81
449.44	0.00	4.70
898.88	0.00	2.48
1797.57	0.01	4.93
449.44	0.00	2.77
898.88	0.00	54.45
1459.73	18.80	98.60
449.44	0.00	77.70
898.88	0.00	6.85
1518.85	15.51	84.17
449.35	0.02	6.03
898.88	0.00	6.39
1797.57	0.01	6.13
449.44	0.00	8.21
898.88	0.00	3.02
1797.39	0.02	4.27
449.39	0.01	9.62
898.79	0.01	7.86
1348.31	0.00	60.71
449.44	0.00	10.93
898.88	0.00	4.26
1797.75	0.00	1.59
449.44	0.00	6.01
898.79	0.01	8.05
1797.75	0.00	1.87
449.44	0.00	5.12
898.70	0.02	3.35
1797.75	0.00	5.06
449.44	0.00	4.95
898.79	0.01	4.39
1797.75	0.00	1.71
449.44	0.00	6.99
898.88	0.00	2.92
1797.75	0.00	1.65
449.44	0.00	1.14
898.88	0.00	1.59
1797.39	0.02	3.90
449.44	0.00	2.36
898.88	0.00	2.64
1797.57	0.01	2.39
449.39	0.01	13.36
898.88	0.00	29.83
1797.75	0.00	4.52
449.35	0.02	40.07
898.88	0.00	3.03
1348.31	25.00	70.86
449.39	0.01	7.37
898.88	0.00	2.58
773.03	57.00	103.13
449.44	0.00	2.09
773.03	14.00	110.62
1761.80	2.00	58.71
449.44	0.00	5.71
898.88	0.00	5.90
1423.22	20.83	58.93
449.39	0.01	10.38
898.88	0.00	61.39
1797.75	0.00	5.08
449.44	0.00	12.45
898.79	0.01	22.32
674.16	62.50	179.24
449.44	0.00	11.56
898.88	0.00	6.85
674.16	62.50	176.27
449.44	0.00	16.00
898.88	0.00	9.01
1010.22	43.81	138.57
449.39	0.01	5.39
898.88	0.00	6.10
1236.97	31.19	125.64
449.44	0.00	7.01
898.79	0.01	6.77
1348.31	25.00	73.58
449.44	0.00	16.04
898.79	0.01	8.54
1797.75	0.00	7.11
449.44	0.00	11.93
898.88	0.00	8.79
1379.85	23.25	117.08
449.44	0.00	8.56
898.88	0.00	3.59
1419.28	21.05	63.33
449.44	0.00	19.10
898.88	0.00	77.31
757.48	57.87	143.44
449.44	0.00	113.44
787.78	12.36	121.88
1070.46	40.46	139.88
449.44	0.00	8.32
898.88	0.00	9.03
1797.39	0.02	5.64
449.39	0.01	7.44
898.79	0.01	4.83
1647.94	8.33	52.78
449.44	0.00	4.59
809.01	10.00	116.31
986.09	45.15	158.37
449.44	0.00	61.62
451.82	49.74	188.93
453.98	74.75	235.47
449.39	0.01	98.78
898.88	0.00	13.44
898.88	50.00	157.17
449.44	0.00	10.66
898.88	0.00	5.98
1441.75	19.80	62.45
449.44	0.00	4.95
898.70	0.02	4.58
1797.75	0.00	4.15
449.44	0.00	5.84
898.88	0.00	3.60
1797.39	0.02	5.77
449.39	0.01	61.52
898.79	0.01	7.67
1797.75	0.00	8.80
449.44	0.00	4.28
898.88	0.00	9.46
1365.60	24.04	63.45
449.44	0.00	7.38
898.79	0.01	10.99
1797.75	0.00	2.35
449.44	0.00	4.71
898.88	0.00	6.26
1797.75	0.00	10.49
449.44	0.00	131.70
898.70	0.02	12.63
457.46	74.55	249.49
449.35	0.02	9.59
457.46	49.11	177.69
655.37	63.55	139.81
449.39	0.01	6.47
674.16	25.00	167.20
674.16	62.50	169.96
449.39	0.01	11.80
898.79	0.01	8.78
1797.75	0.00	4.27
449.44	0.00	165.05
494.38	45.00	176.13
943.82	47.50	96.73
449.44	0.00	9.32
808.75	10.03	115.06
943.82	47.50	105.94
449.44	0.00	13.53
449.44	40.00	174.92
1048.69	41.67	151.87
449.39	0.01	180.87
898.79	0.01	15.50
1048.69	41.67	97.92
449.39	0.01	6.38
898.88	0.00	2.69
1498.13	16.67	54.99
449.44	0.00	9.39
898.88	0.00	4.96
1498.13	16.67	58.40
449.44	0.00	10.37
898.79	0.01	4.33
1259.11	29.96	123.32
449.44	0.00	9.95
898.88	0.00	5.55
898.88	50.00	199.23
449.44	0.00	4.06
898.70	0.02	6.14
1797.75	0.00	2.62
449.44	0.00	5.17
898.88	0.00	5.17
1797.75	0.00	2.72
449.44	0.00	5.14
599.25	33.33	134.51
1198.50	27.27	71.14
449.44	0.00	8.59
599.13	33.35	198.16
1797.57	0.01	3.43
449.44	0.00	9.05
617.66	31.29	138.18
613.48	65.88	134.92
449.39	0.01	121.00
771.67	14.15	107.35
734.34	59.15	174.27
449.44	0.00	3.17
898.88	0.00	8.28
1348.31	25.00	62.41
449.39	0.01	6.74
898.88	0.00	5.21
1348.31	25.00	62.02
449.44	0.00	9.88
898.88	0.00	19.75
674.16	62.50	175.21
449.44	0.00	6.28
898.79	0.01	6.04
674.16	62.50	169.48
449.44	0.00	185.15
695.13	22.67	124.45
1162.55	35.33	74.79
449.44	0.00	9.74
898.88	0.00	3.19
1170.42	34.90	117.43
449.39	0.01	9.59
898.88	0.00	65.00
674.16	62.50	173.46
449.30	0.03	10.86
898.88	0.00	12.41
674.16	62.50	169.72
449.44	0.00	5.30
898.88	0.00	4.74
1460.67	18.75	53.57
449.44	0.00	5.08
898.79	0.01	6.67
1460.67	18.75	58.28
449.44	0.00	7.92
898.79	0.01	94.62
898.79	50.01	95.41
449.44	0.00	1.88
898.88	0.00	2.37
1747.82	2.78	47.88
449.44	0.00	5.94
898.88	0.00	1.59
1797.57	0.01	2.63
449.44	0.00	4.16
898.70	0.02	4.75
1797.75	0.00	2.75
449.39	0.01	7.23
898.88	0.00	71.14
1125.48	37.39	74.93
449.44	0.00	5.64
898.88	0.00	5.10
1106.60	38.45	76.71
449.44	0.00	9.59
898.88	0.00	8.03
1348.31	25.00	127.95
449.30	0.03	172.73
898.70	0.02	5.80
449.44	75.00	177.80
449.44	0.00	19.77
678.33	24.54	120.40
678.40	62.26	244.97
449.44	0.00	127.36
898.88	0.00	7.80
610.56	66.04	183.76
449.39	0.01	9.03
647.59	27.96	127.83
647.72	63.97	226.44
449.44	0.00	12.78
898.70	0.02	8.40
1057.40	41.18	141.72
449.35	0.02	121.17
816.69	9.14	104.47
1266.12	29.57	65.70
449.39	0.01	108.24
898.88	0.00	20.40
674.09	62.50	190.18
449.44	0.00	20.66
898.70	0.02	30.45
505.62	71.88	249.27
449.39	0.01	22.38
505.57	43.76	160.69
857.28	52.31	170.96
449.35	0.02	12.08
898.88	0.00	12.97
898.88	50.00	98.29
449.44	0.00	7.63
898.88	0.00	8.52
1797.75	0.00	15.42
449.44	0.00	4.67
898.88	0.00	57.12
1534.29	14.66	57.11
449.44	0.00	53.42
898.88	0.00	6.46
1797.75	0.00	2.99
449.44	0.00	6.96
898.88	0.00	6.97
1797.75	0.00	9.93
449.44	0.00	2.63
898.88	0.00	3.09
1528.09	15.00	57.04
449.44	0.00	4.70
898.79	0.01	4.64
1797.75	0.00	1.78
449.44	0.00	7.62
898.88	0.00	9.40
1797.75	0.00	3.91
449.44	0.00	116.65
898.79	0.01	10.63
768.70	57.24	153.54
449.44	0.00	10.59
709.64	21.05	121.74
1324.66	26.32	128.54
269.74	40.00	301.94
269.74	67.86	389.10
809.23	55.00	208.92
269.66	40.02	291.99
809.23	10.00	124.90
809.07	55.01	202.70
449.44	0.00	12.60
898.88	0.00	13.31
1042.98	41.98	88.65
449.30	0.03	9.55
879.19	2.19	106.74
662.19	63.17	203.75
521.90	0.00	126.41
575.10	8.22	114.44
309.01	83.72	344.89
268.14	13.71	307.75
521.54	49.79	222.88
1098.69	41.50	140.68
449.30	0.03	12.79
898.88	0.00	3.79
1797.39	0.02	2.83
449.44	0.00	7.09
898.61	0.03	8.16
1797.75	0.00	5.05
376.09	16.32	217.87
744.10	17.22	135.54
744.10	58.61	132.96
368.01	18.12	227.09
744.03	17.23	124.07
744.03	58.61	121.85
449.44	0.00	21.77
898.88	0.00	14.18
938.06	47.82	101.34
449.30	0.03	20.89
898.88	0.00	15.96
937.96	47.83	87.58
449.39	0.01	5.74
898.88	0.00	5.94
1797.75	0.00	8.37
449.35	0.02	13.00
898.88	0.00	3.32
1797.75	0.00	12.87
449.30	0.03	11.71
898.88	0.00	6.52
1171.46	34.84	133.09
449.44	0.00	5.90
898.88	0.00	17.98
898.70	50.01	154.19
449.39	0.01	4.96
898.88	0.00	1.14
1797.75	0.00	2.88
449.44	0.00	1.14
898.88	0.00	4.23
1797.57	0.01	3.81
449.44	0.00	17.16
898.88	0.00	20.86
647.13	64.00	172.39
449.30	0.03	10.91
647.13	28.01	125.24
1599.84	11.01	103.15
449.44	0.00	6.99
898.70	0.02	8.58
1797.75	0.00	8.75
449.35	0.02	5.34
898.88	0.00	1.14
1797.75	0.00	8.11
406.94	0.00	17.87
404.71	43.81	290.96
755.83	52.14	124.47
351.12	13.72	195.57
755.83	6.93	106.99
755.83	52.19	132.08
449.30	0.03	7.24
898.79	0.01	5.97
1438.20	15.79	113.69
449.30	0.03	16.57
898.70	0.02	3.82
1617.98	10.00	51.67
449.44	0.00	10.74
898.88	0.00	3.67
1097.72	38.94	126.26
449.44	0.00	10.69
898.88	0.00	5.50
1332.29	25.89	72.33
449.35	0.02	13.08
898.88	0.00	77.10
1123.60	37.50	119.69
449.44	0.00	7.25
898.88	0.00	8.40
1797.75	0.00	5.47
449.44	0.00	10.30
898.79	0.01	7.88
1647.77	8.34	51.93
449.39	0.01	11.79
898.88	0.00	2.57
1797.75	0.00	4.61
449.44	0.00	9.17
505.62	43.75	158.74
1291.88	28.14	73.75
449.44	0.00	10.87
505.52	43.76	197.04
1741.57	3.12	49.20
449.44	0.00	4.57
898.88	0.00	63.68
1258.30	30.01	65.65
449.44	0.00	2.04
898.79	0.01	2.92
1797.57	0.01	8.31
449.44	0.00	2.78
756.81	15.80	115.50
1631.58	9.24	54.96
449.44	0.00	2.58
898.79	0.01	11.17
751.57	58.19	107.33
449.39	0.01	9.70
617.29	31.33	220.26
861.87	52.06	95.32
449.44	0.00	8.96
898.88	0.00	6.25
616.71	65.70	137.50
449.39	0.01	16.72
898.88	0.00	19.99
898.88	50.00	153.00
449.44	0.00	2.70
898.88	0.00	16.51
1617.00	10.05	50.16
449.44	0.00	18.09
449.39	50.00	176.78
1231.62	31.49	130.61
449.39	0.01	176.50
898.88	0.00	5.70
1337.08	25.62	62.07
449.44	0.00	46.45
898.88	0.00	5.58
1797.75	0.00	3.00
449.44	0.00	3.51
898.88	0.00	2.45
1747.47	2.80	48.26
449.35	0.02	6.74
898.88	0.00	3.59
1797.75	0.00	8.72
449.44	0.00	2.52
898.88	0.00	10.57
1797.75	0.00	9.89
449.44	0.00	6.60
898.88	0.00	66.08
1293.23	28.06	63.41
449.44	0.00	6.52
898.88	0.00	7.53
1797.57	0.01	2.26
449.44	0.00	3.81
898.79	0.01	4.49
1797.57	0.01	3.85
449.44	0.00	2.03
898.88	0.00	2.60
1797.75	0.00	2.15
449.39	0.01	8.03
898.79	0.01	11.96
1640.45	8.75	53.46
449.35	0.02	51.15
898.88	0.00	10.34
1797.75	0.00	6.03
449.35	0.02	4.56
898.88	0.00	15.64
898.79	50.01	146.45
449.44	0.00	4.81
898.88	0.00	4.37
1527.90	15.01	61.20
449.44	0.00	5.79
898.88	0.00	5.60
1797.75	0.00	6.87
449.39	0.01	4.01
898.88	0.00	3.69
1797.75	0.00	3.60
449.44	0.00	13.59
898.79	0.01	3.91
1348.18	25.01	99.82
449.44	0.00	4.02
898.88	0.00	10.79
1573.03	0.00	52.02
449.44	0.00	8.59
898.88	0.00	12.20
658.53	63.37	178.98
449.44	0.00	66.63
658.60	26.73	207.32
886.69	50.68	99.34
449.44	0.00	6.76
898.88	0.00	5.41
1617.98	10.00	57.55
449.44	0.00	2.61
898.88	0.00	7.34
1797.75	0.00	7.56
449.44	0.00	70.64
898.88	0.00	12.08
1498.13	16.67	59.29
449.39	0.01	6.20
898.79	0.01	10.92
1048.69	41.67	141.46
449.44	0.00	4.70
898.88	0.00	1.21
1797.75	0.00	2.53
449.35	0.02	9.29
898.88	0.00	6.01
1797.75	0.00	2.62
449.44	0.00	9.86
898.88	0.00	11.43
1198.50	33.33	75.83
449.44	0.00	16.01
798.92	11.12	113.34
1148.22	36.13	111.28
449.39	0.01	10.53
898.88	0.00	12.37
1476.58	17.87	65.23
449.44	0.00	10.27
898.61	0.03	21.31
1027.18	42.86	139.70
449.44	0.00	185.57
898.88	0.00	10.17
449.44	75.00	222.81
449.44	0.00	6.42
898.88	0.00	5.15
1348.31	25.00	115.65
449.44	0.00	5.84
898.88	0.00	1.59
1797.75	0.00	2.16
449.44	0.00	3.81
898.88	0.00	6.42
1797.75	0.00	5.94
449.35	0.02	8.24
898.88	0.00	5.36
719.10	61.90	198.77
449.39	0.01	9.70
898.88	0.00	8.99
718.89	60.01	122.11
449.44	0.00	5.62
728.90	18.91	111.59
1498.13	16.67	60.16
449.44	0.00	9.33
898.79	0.01	3.44
748.99	58.34	154.02
437.14	0.00	11.71
451.13	24.74	248.30
804.23	48.50	122.09
437.14	0.00	64.27
786.86	57.80	168.30
961.61	3.22	76.69
449.35	0.02	6.23
898.88	0.00	6.01
1797.75	0.00	5.57
449.44	0.00	5.17
898.88	0.00	7.11
1797.75	0.00	1.48
449.44	0.00	65.93
638.68	28.95	122.38
638.48	64.48	125.22
449.44	0.00	7.05
898.88	0.00	3.18
1312.83	26.97	66.23
449.44	0.00	154.97
898.88	0.00	13.08
840.29	53.26	189.12
449.44	0.00	21.49
898.70	0.02	9.22
567.39	68.44	219.28
449.44	0.00	9.51
795.16	11.54	107.08
774.26	56.93	113.88
449.39	0.01	12.96
898.70	0.02	10.92
1631.81	9.23	102.08
449.44	0.00	12.01
898.79	0.01	17.13
1797.75	0.00	49.43
449.44	0.00	55.18
898.88	0.00	8.10
1348.31	25.00	60.05
449.39	0.01	9.94
670.08	25.45	122.23
962.53	46.46	137.34
449.44	-0.00	135.57
898.88	0.00	3.60
666.86	62.91	131.96
449.44	0.00	13.24
669.35	25.53	117.23
979.82	45.50	142.48
449.39	0.01	8.27
898.70	0.02	3.44
665.67	62.97	178.68
449.44	0.00	9.99
898.88	0.00	5.65
1573.03	12.50	56.53
404.41	10.02	192.58
404.49	55.00	254.34
404.49	78.05	258.70
449.44	0.01	56.27
898.88	0.00	16.76
1698.66	5.57	54.79
449.44	0.00	9.49
898.88	0.00	6.85
1548.93	13.89	57.93
449.39	0.01	10.80
898.88	0.00	5.53
1797.75	0.00	5.05
449.44	0.00	2.92
898.88	0.00	6.67
1797.75	0.00	4.16
449.35	0.02	8.55
898.70	0.02	12.35
1348.18	14.29	72.01
449.44	0.00	4.50
898.88	0.00	4.43
1348.31	0.00	59.13
449.44	0.00	7.92
559.24	37.78	143.54
1797.75	0.00	9.99
449.44	0.00	59.72
898.79	0.01	14.19
564.24	68.61	197.39
449.39	0.01	1.15
898.88	0.00	1.14
1797.75	0.00	1.65
449.44	0.00	2.92
898.88	0.00	7.75
1797.75	0.00	3.27
449.44	0.00	14.75
898.88	0.00	6.23
1575.46	12.37	56.42
449.44	0.00	5.79
898.88	0.00	7.85
1353.48	24.71	60.63
434.70	3.28	185.04
898.70	0.02	8.41
434.66	75.82	235.14
449.44	0.00	8.16
898.88	0.00	10.74
1392.38	22.55	111.49
449.44	0.00	63.48
898.88	0.00	12.74
1348.31	25.00	60.36
449.44	0.00	7.32
898.88	0.00	3.76
1154.38	35.79	82.05
449.39	0.01	59.75
898.88	0.00	1.97
1460.67	18.75	60.80
449.44	0.00	85.93
898.88	0.00	8.34
1011.24	43.75	144.87
449.44	0.00	1.14
898.88	0.00	3.49
1797.75	0.00	2.95
449.44	0.00	2.92
898.88	0.00	6.99
1797.75	0.00	4.48
449.39	0.01	6.62
898.88	0.00	8.07
898.88	50.00	138.77
449.44	0.00	10.58
898.88	0.00	14.61
898.88	50.00	91.22
449.44	0.00	7.33
774.74	13.81	108.28
1022.76	43.11	131.79
449.39	0.01	10.88
743.90	17.24	109.13
1425.80	20.69	58.31
449.44	0.00	6.99
898.88	0.00	8.83
1048.58	22.23	85.69
449.44	0.00	4.32
898.88	0.00	11.67
1797.75	0.00	3.87
449.44	0.00	11.17
778.87	13.35	111.46
1378.28	23.33	126.28
449.44	0.00	6.70
898.88	0.00	10.81
1378.28	23.33	114.08
449.44	0.00	7.17
771.20	14.20	172.32
1038.61	42.23	150.89
449.30	0.03	9.37
898.88	0.00	3.33
778.78	56.68	100.38
449.39	0.01	7.70
560.25	37.67	148.98
1282.02	28.69	69.84
449.44	0.00	9.41
567.39	36.88	208.26
1548.74	13.85	70.55
449.39	0.01	15.36
898.88	0.00	11.67
1336.98	25.63	123.81
449.39	0.01	7.16
898.88	0.00	32.77
1359.65	24.37	71.09
449.44	0.00	5.96
609.17	32.23	201.56
1131.56	37.06	73.94
449.44	0.00	127.18
597.14	33.57	137.23
1615.20	10.15	54.28
449.44	0.00	6.38
898.88	0.00	1.81
1348.05	25.01	68.12
449.44	0.00	3.60
898.88	0.00	6.28
1797.75	0.00	35.91
449.30	0.03	8.37
898.88	0.00	3.58
1123.37	37.51	127.48
449.44	0.00	1.63
898.88	0.00	5.69
1637.24	8.93	57.45
449.35	0.02	13.57
898.88	0.00	13.68
1462.79	18.63	103.66
449.39	0.01	10.29
898.88	0.00	77.86
1038.59	42.23	134.56
449.35	0.02	9.50
898.70	0.02	6.96
1797.57	0.01	6.35
449.35	0.02	4.23
898.79	0.01	4.87
1797.75	0.00	7.48
417.57	7.15	373.54
835.15	7.15	110.51
835.23	53.57	119.20
449.44	0.00	17.60
835.23	7.14	110.23
417.62	76.79	467.93
449.44	0.00	5.44
898.88	0.00	8.97
1797.57	0.01	3.34
449.35	0.02	11.06
898.88	0.00	7.13
1760.30	2.08	46.84
449.44	0.00	5.84
898.88	0.00	1.59
1797.75	0.00	3.40
449.39	0.01	7.82
898.88	0.00	4.95
1797.57	0.01	4.88
446.97	0.00	55.52
893.93	0.00	3.16
1787.87	0.00	8.62
446.88	0.02	4.59
893.93	0.00	2.08
1468.46	14.82	53.14
449.44	0.00	5.59
898.79	0.01	6.44
898.88	50.00	92.48
449.44	0.00	16.70
898.88	0.00	21.23
898.88	53.85	150.62
449.44	0.00	88.11
898.88	0.00	4.85
898.88	50.00	90.24
449.44	0.00	91.78
898.79	0.01	7.03
1348.31	25.00	63.36
437.38	2.68	177.23
439.47	51.11	251.64
985.42	45.19	90.66
431.38	4.02	182.87
898.88	0.00	8.05
1040.26	42.14	75.39
449.44	0.00	11.09
898.70	0.02	3.73
1797.75	0.00	2.08
449.35	0.02	6.33
898.88	0.00	6.75
1797.75	0.00	7.84
449.44	0.00	12.52
808.99	10.00	103.54
1797.75	0.00	3.35
449.44	0.00	67.14
798.92	11.12	106.37
1238.45	31.11	64.91
449.44	0.00	4.00
898.88	0.00	4.57
1797.75	0.00	2.78
449.44	0.00	6.93
898.70	0.02	6.82
1797.75	0.00	5.36
449.35	0.02	155.89
505.47	43.77	152.43
505.63	71.88	158.77
449.41	0.01	6.06
898.88	0.00	4.77
1797.75	0.00	7.46
449.44	0.00	3.17
898.79	0.01	3.94
1797.75	0.00	2.92
449.44	0.00	3.17
898.88	0.00	5.08
1797.75	0.00	1.90
449.44	0.00	9.66
898.88	0.00	64.01
1348.31	0.00	62.80
449.44	0.00	1.14
898.88	0.00	7.31
1797.75	0.00	3.11
449.44	0.00	96.60
898.79	0.01	7.58
863.46	51.97	153.85
449.35	0.02	72.99
898.88	0.00	55.43
874.41	51.36	146.50
770.86	0.00	151.79
727.96	65.26	244.19
279.31	82.20	260.76
502.73	0.00	5.27
1058.66	4.97	92.59
1365.13	50.57	118.31
449.44	0.00	113.20
898.88	0.01	5.14
674.31	62.50	114.54
449.44	0.00	7.90
674.24	25.01	116.95
674.31	62.50	115.27
449.44	0.00	82.45
898.88	0.00	62.93
1208.71	32.77	65.53
449.35	0.02	72.96
898.88	0.00	4.64
1007.36	43.97	143.95
449.44	0.00	1.14
898.88	0.00	4.07
1797.75	0.00	1.71
449.44	0.00	4.96
898.79	0.01	2.92
1797.75	0.00	3.08
449.44	0.00	2.28
898.79	0.01	5.92
898.88	50.00	85.54
449.44	0.00	6.38
898.88	0.00	89.62
1797.57	0.01	8.13
449.39	0.01	7.99
898.79	0.01	6.40
1797.75	0.00	10.56
449.44	0.00	3.32
898.88	0.00	8.90
1235.96	31.25	72.09
449.44	0.00	7.63
898.88	0.00	6.31
1797.75	0.00	3.57
449.35	0.02	9.68
799.00	11.11	102.64
798.92	55.56	101.26
449.34	0.00	116.32
898.69	0.00	13.16
297.33	83.46	328.58
297.33	32.84	269.97
898.69	0.00	20.19
733.41	59.20	177.88
449.35	0.02	2.25
898.79	0.01	2.04
1797.75	0.00	1.31
449.44	0.00	4.48
898.70	0.02	5.36
1797.57	0.01	3.84
449.44	0.00	98.18
898.88	0.00	10.50
599.25	66.67	203.18
449.44	0.00	11.71
599.25	33.33	144.58
923.85	48.61	146.45
448.18	0.00	55.06
898.88	0.00	13.90
1518.85	14.08	59.57
448.18	0.00	8.58
896.37	0.00	6.83
1797.75	0.01	9.07
449.44	0.00	5.81
898.88	0.00	7.86
1797.75	0.00	2.39
449.44	0.00	6.70
898.79	0.01	14.62
1797.39	0.02	3.51
449.44	0.00	4.16
898.70	0.02	2.24
1797.75	0.00	1.45
449.44	0.00	6.19
898.79	0.01	2.38
1797.75	0.00	4.48
449.44	0.00	6.90
898.88	0.00	1.82
1797.57	0.01	5.41
449.44	0.00	2.80
898.88	0.00	3.39
1797.75	0.00	12.16
449.44	0.00	16.46
898.88	0.00	9.98
1252.01	30.36	123.15
449.39	0.01	12.23
898.88	0.00	13.82
738.21	58.94	173.49
449.39	0.01	22.68
593.69	33.95	142.17
1043.24	41.97	93.17
449.44	0.00	144.25
898.79	0.01	71.69
1043.24	41.97	224.68
449.44	0.00	6.92
898.79	0.01	87.69
898.88	50.00	88.47
449.44	0.00	7.30
898.88	0.00	9.57
1797.75	0.00	4.38
449.44	0.00	7.55
898.88	0.00	6.38
1408.24	21.67	58.46
449.44	0.00	10.95
898.79	0.01	6.25
1558.05	13.33	61.95
449.39	0.01	5.30
898.88	0.00	4.58
1797.75	0.00	1.70
449.44	0.00	8.48
898.79	0.01	5.47
1797.57	0.01	2.25
449.44	0.00	22.83
898.88	0.00	14.76
955.82	46.83	94.99
449.44	0.00	162.58
506.57	43.64	297.94
956.01	46.82	106.42
449.44	0.00	12.20
898.88	0.00	17.54
1348.31	40.00	74.79
449.44	0.00	66.49
898.88	0.00	6.41
1348.31	25.00	63.52
449.44	0.00	7.09
584.27	35.00	141.49
1168.54	35.00	89.40
404.49	10.00	203.89
584.27	35.00	140.60
404.49	77.50	260.72
449.44	0.00	10.81
898.88	0.00	2.27
1329.45	26.05	66.33
449.44	0.00	8.00
898.79	0.01	3.81
1367.04	23.96	66.67
449.44	0.00	1.14
898.88	0.00	6.10
1797.57	0.01	2.96
449.44	0.00	2.03
898.79	0.01	2.48
1797.75	0.00	4.77
449.44	0.00	144.78
898.88	0.00	10.87
1206.80	32.87	126.81
449.44	0.00	11.18
898.79	0.01	14.83
579.53	67.76	246.07
449.39	0.01	13.39
898.61	0.03	60.47
674.16	62.50	120.46
449.44	0.00	3.65
898.88	0.00	25.74
674.02	62.51	176.81
449.44	0.00	12.28
898.88	0.00	5.16
1120.24	37.69	78.07
449.39	0.01	13.56
898.70	0.02	72.75
1146.96	36.20	83.10
449.44	0.00	9.12
898.88	0.00	8.41
1797.75	0.00	4.80
449.35	0.02	10.02
898.61	0.03	8.29
1572.88	0.01	61.24
449.44	0.00	3.93
898.67	0.02	5.61
1348.15	26.32	68.64
449.44	0.00	13.51
898.76	0.01	10.69
1075.20	38.54	143.29
449.39	0.01	8.26
898.79	0.01	4.89
1797.75	0.00	9.59
449.44	0.00	2.97
898.79	0.01	3.43
1797.75	0.00	5.58
449.44	0.00	7.56
898.88	0.00	60.16
1438.20	20.00	56.96
449.39	0.01	3.64
898.88	0.00	4.35
1797.75	0.00	3.78
449.44	0.00	9.56
898.88	0.00	5.00
1797.39	0.02	13.04
449.39	0.01	3.50
898.88	0.00	2.83
1797.75	0.00	2.28
449.39	0.01	12.07
898.88	0.00	7.58
1797.75	0.00	9.52
449.35	0.02	6.18
898.79	0.01	11.93
1797.75	0.00	3.13
449.30	0.03	6.03
898.88	0.00	5.07
1797.57	0.01	4.01
449.44	0.00	7.21
898.79	0.01	3.03
1797.75	0.00	3.16
449.44	0.00	4.51
898.88	0.00	3.97
1797.75	0.00	5.08
449.44	0.00	5.40
898.88	0.00	2.73
1797.75	0.00	6.38
449.44	0.00	13.70
898.88	0.00	7.92
1378.03	0.00	65.11
449.44	0.01	4.55
898.88	0.00	9.82
918.69	50.00	97.04
449.44	0.00	4.06
898.88	0.00	4.38
1797.75	0.00	2.06
449.44	0.00	4.95
898.88	0.00	8.32
1797.75	0.00	2.89
449.44	0.00	8.88
898.88	0.00	13.98
1412.52	21.43	63.55
449.44	0.00	7.70
898.88	0.00	4.06
1412.52	21.43	62.25
449.44	0.00	350.91
898.88	0.01	17.18
453.15	75.00	276.33
449.44	0.00	109.63
453.15	50.01	269.00
906.30	50.01	162.08
449.44	0.00	29.43
898.88	0.00	21.87
973.78	45.83	99.95
449.44	0.00	20.99
898.70	0.02	2.48
1797.75	0.00	2.77
449.44	0.00	5.04
898.88	0.00	10.94
789.82	56.07	101.26
449.44	0.00	6.67
802.88	10.68	102.03
1797.75	0.00	3.69
449.44	0.00	8.85
898.79	0.01	9.18
1797.57	0.01	3.39
449.44	0.00	2.03
898.79	0.01	3.09
1797.75	0.00	4.56
449.39	0.01	6.74
898.79	0.01	7.18
1797.75	0.00	1.75
449.44	0.00	1.14
898.88	0.00	2.79
1797.75	0.00	4.51
449.44	0.00	2.00
898.88	0.00	9.30
1348.18	14.29	80.85
449.44	0.00	9.82
898.79	0.01	6.54
1797.75	0.00	3.92
449.44	0.00	13.86
898.88	0.00	24.98
898.79	50.01	92.63
449.44	0.00	10.04
898.88	0.00	3.49
898.88	33.33	109.91
449.44	0.00	8.71
898.79	0.01	5.06
1797.75	0.00	6.81
449.39	0.01	12.53
898.88	0.00	6.61
1797.75	0.00	1.87
449.44	0.00	5.58
898.88	0.00	5.34
1797.57	0.01	8.74
449.44	0.00	4.31
898.79	0.01	4.15
1797.75	0.00	1.44
449.44	0.00	9.75
786.52	12.50	201.11
1476.73	17.86	118.65
449.44	0.00	5.27
765.12	14.88	199.25
1680.04	6.55	45.77
449.44	0.00	6.95
898.79	0.01	2.48
1797.75	0.00	3.50
449.44	0.00	2.03
898.70	0.02	3.59
1797.75	0.00	1.48
449.44	0.00	116.03
808.99	10.00	108.41
764.04	57.50	106.64
449.44	0.00	108.74
404.45	55.00	202.32
404.46	77.50	246.07
449.39	0.01	29.11
898.88	0.00	7.82
1797.75	0.00	28.03
449.44	0.00	5.28
898.88	0.00	7.95
1797.57	0.01	2.21
449.44	0.00	10.68
898.79	0.01	4.70
898.79	50.00	87.96
449.35	0.02	3.80
898.88	0.00	7.20
898.88	50.00	90.67
449.44	0.00	13.04
831.06	7.54	102.59
1077.06	40.09	153.73
449.39	0.01	132.00
898.79	0.01	13.68
639.59	64.42	205.83
319.22	28.97	262.66
319.16	64.49	256.96
1061.10	40.98	149.55
449.44	0.00	12.44
857.25	4.63	105.93
1195.73	33.49	69.03
325.91	27.94	247.00
323.01	64.06	346.03
1239.03	31.02	74.48
449.38	0.00	112.51
897.33	0.00	6.24
1240.47	30.94	150.49
449.44	0.00	8.52
898.79	0.01	17.48
1630.09	9.33	56.62
449.44	0.00	9.29
898.88	0.00	71.31
829.02	53.89	172.30
449.44	0.00	4.82
898.88	0.00	5.78
1617.98	10.00	51.55
449.44	0.00	5.36
898.88	0.00	49.33
1797.75	0.00	3.66
449.44	0.00	5.54
898.88	0.00	1.14
1797.39	0.02	3.14
449.35	0.02	7.65
898.88	0.00	4.10
1797.75	0.00	3.05
449.35	0.02	11.88
629.03	30.02	185.70
1797.75	0.00	3.83
449.44	0.00	12.29
898.88	0.00	12.16
629.02	65.01	183.30
449.39	0.01	6.04
898.88	0.00	4.93
1797.57	0.01	5.53
449.44	0.00	3.17
898.88	0.00	4.48
1797.75	0.00	3.94
449.44	0.00	6.65
898.88	0.00	7.89
1632.17	9.21	56.52
449.44	0.00	3.72
898.88	0.00	10.69
1703.13	5.26	51.35
449.44	0.00	5.03
898.79	0.01	4.42
1797.75	0.00	1.94
449.35	0.02	3.50
898.88	0.00	8.36
1797.75	0.00	3.28
449.44	0.00	7.32
898.88	0.00	1.74
1096.63	39.00	77.57
449.44	0.00	2.58
898.88	0.00	76.63
1797.21	0.03	8.09
449.44	0.00	58.71
898.88	0.00	2.18
1348.18	25.01	63.16
449.44	0.00	4.17
898.88	0.00	56.00
1797.75	0.00	2.30
449.39	0.01	6.96
898.88	0.00	9.26
1797.75	0.00	3.46
449.44	0.00	6.45
898.88	0.00	4.96
1797.75	0.00	9.36
449.38	0.01	12.45
898.88	0.00	9.69
1011.24	43.75	86.28
449.33	0.02	7.67
505.62	47.06	223.95
505.62	71.88	220.34
449.44	0.00	8.24
898.79	0.01	8.69
577.79	67.86	181.98
449.39	0.01	12.34
577.73	35.73	138.24
1797.75	0.00	5.17
449.44	0.00	15.11
702.69	21.83	121.75
1454.40	19.10	105.49
449.44	0.00	6.02
898.88	0.00	4.46
702.76	60.91	148.00
449.35	0.02	9.30
898.88	0.00	7.37
1797.75	0.00	1.96
449.44	0.00	1.14
898.79	0.01	2.13
1797.75	0.00	6.09
415.39	7.58	207.42
833.92	7.23	110.90
833.92	53.61	116.31
418.48	6.89	195.73
833.92	7.23	120.87
753.52	58.09	219.93
444.53	0.00	185.01
888.97	0.01	19.82
444.49	50.00	339.90
444.53	0.00	9.68
889.06	0.00	31.39
889.06	50.00	92.36
449.35	0.02	10.56
898.88	0.00	10.00
1426.83	20.63	71.32
449.44	0.00	4.32
898.70	0.02	13.28
947.51	47.29	142.88
449.39	0.01	4.90
898.88	0.00	8.89
1797.75	0.00	2.19
449.44	0.00	7.88
898.88	0.00	5.31
1797.75	0.00	4.03
448.34	0.00	6.52
538.01	40.00	153.09
896.59	50.00	172.85
448.34	0.00	93.61
896.68	0.00	18.54
537.96	70.00	151.25
