449.44	0.00	142.10
449.43	50.00	344.12
577.90	67.86	145.35
449.44	0.00	184.78
449.43	50.00	343.16
898.96	50.00	267.89
449.44	0.00	181.52
898.87	0.01	17.60
449.43	75.00	352.65
288.90	35.72	281.91
866.77	3.57	109.43
288.90	83.93	275.51
288.92	35.71	283.59
433.36	51.79	360.09
433.36	75.89	359.63
433.42	3.57	356.04
866.69	3.58	106.28
866.69	51.79	94.52
449.44	0.00	21.06
725.34	19.31	127.79
725.34	59.65	157.36
449.44	0.00	21.38
362.63	59.66	331.09
362.67	79.83	530.78
449.44	0.00	33.29
725.27	19.31	115.45
362.67	79.83	323.47
534.73	0.00	18.94
935.88	0.00	18.52
935.88	50.00	105.92
534.73	0.00	16.14
200.86	74.18	378.44
935.88	50.68	94.62
367.51	9.55	442.01
935.88	0.00	24.23
367.51	82.61	465.40
449.35	0.02	70.58
282.08	68.62	286.77
282.08	84.31	271.92
449.44	0.00	192.26
898.88	0.00	19.05
449.30	75.01	264.44
449.39	0.01	8.14
449.44	50.00	184.25
449.39	75.00	181.36
425.13	5.41	210.92
425.13	52.70	283.51
422.41	76.50	289.66
425.65	5.29	192.98
424.60	52.76	281.27
850.26	52.70	107.77
427.80	4.81	190.76
850.26	5.41	108.33
850.09	52.71	106.76
449.39	0.01	20.15
404.49	55.00	203.43
629.21	65.00	233.52
449.39	0.01	10.94
808.99	10.00	126.60
808.83	55.01	115.49
449.44	0.00	5.05
404.49	55.00	307.76
404.49	77.50	289.94
325.93	0.00	23.93
546.25	36.19	178.87
546.25	70.73	193.85
273.12	45.61	274.03
546.25	33.48	178.03
546.25	67.54	185.13
273.12	45.61	289.59
546.25	33.36	163.63
546.25	70.73	163.65
449.44	0.00	11.03
898.88	0.00	10.42
1797.75	0.00	7.20
449.39	0.01	12.49
674.16	0.00	112.98
1348.31	25.00	72.00
449.44	0.00	3.59
898.88	0.00	6.80
1348.31	25.00	61.69
449.44	0.00	1.39
898.70	0.02	2.39
1733.20	3.59	47.35
449.44	0.00	2.91
577.85	35.71	135.42
577.79	67.86	137.92
449.39	0.01	8.25
898.79	0.01	13.95
1733.55	3.57	47.13
441.21	0.00	227.17
882.25	0.02	196.79
441.12	75.00	185.93
441.21	0.00	18.79
441.16	50.01	183.84
441.16	80.00	226.30
441.21	0.00	18.79
441.21	0.00	103.53
882.34	50.00	95.94
359.00	0.00	16.95
1004.76	0.00	6.62
1650.60	28.12	105.35
359.00	0.00	61.20
1004.76	0.00	7.61
944.92	53.72	215.83
359.00	0.00	6.94
726.83	0.00	88.79
706.03	70.45	152.93
424.81	5.48	197.18
849.62	5.48	109.18
424.81	76.37	283.77
430.97	4.11	193.49
418.65	53.42	364.27
418.65	76.71	369.02
430.97	4.11	192.81
849.62	5.48	107.67
430.97	76.03	355.24
449.44	0.00	180.96
898.88	0.00	101.36
898.88	50.00	162.08
449.39	0.01	9.14
898.88	0.00	88.54
898.88	50.00	90.48
449.44	0.00	17.64
898.79	0.01	13.45
449.44	75.00	262.78
449.44	0.00	62.97
898.88	0.00	7.49
736.58	59.03	171.74
449.44	0.00	12.10
898.88	0.00	2.88
1198.50	33.33	68.84
449.44	0.00	18.44
736.58	18.06	169.57
1360.80	24.31	58.16
422.33	0.00	41.43
844.67	0.00	42.32
844.67	50.00	111.30
422.33	0.00	49.44
844.67	0.00	35.33
422.33	0.00	242.82
422.33	0.00	10.53
844.67	0.00	55.80
422.33	0.00	243.71
449.44	0.00	26.61
449.44	50.00	360.70
898.79	50.01	187.59
449.44	0.00	183.98
449.39	50.01	348.50
321.79	82.10	340.03
449.39	0.01	189.76
449.35	50.01	182.72
321.79	82.10	335.15
347.81	0.00	19.93
540.07	32.49	312.51
1019.80	48.54	152.23
299.82	0.64	230.46
587.66	29.88	328.21
549.35	74.88	166.31
299.82	0.13	237.46
539.69	50.45	206.23
347.87	72.24	244.23
449.44	0.00	8.37
898.70	0.02	4.50
1490.87	17.07	106.62
412.67	8.18	188.49
404.49	55.00	192.95
817.00	54.55	100.47
449.44	0.00	72.81
898.79	0.01	2.85
1205.31	32.95	66.85
449.44	0.00	5.00
898.88	0.00	4.85
599.25	60.00	176.47
449.35	0.02	5.22
599.25	33.33	142.87
1348.31	25.00	61.99
449.44	0.00	7.08
898.88	0.00	14.05
1048.69	41.67	78.70
404.44	10.00	200.82
808.87	10.00	113.80
404.44	77.50	395.60
404.44	10.00	204.51
404.44	55.00	308.02
808.79	55.00	101.00
449.37	0.00	19.48
808.87	10.00	103.86
404.44	77.50	380.99
390.29	0.00	20.73
766.95	18.57	122.64
208.54	88.73	494.98
550.41	0.00	11.97
766.95	18.57	133.12
375.28	64.35	440.42
215.16	61.30	302.39
384.63	65.07	313.82
766.95	55.98	108.63
439.28	0.01	189.53
439.33	0.00	201.97
878.66	50.00	103.04
439.24	0.02	193.32
439.33	50.00	179.04
878.66	50.00	93.59
439.29	0.01	9.25
878.66	0.00	39.30
878.66	60.00	115.84
449.44	0.00	10.44
898.79	0.01	17.69
717.16	60.11	166.88
449.44	0.00	11.01
722.20	19.66	114.85
1473.30	18.05	109.18
449.39	0.01	80.35
898.88	0.00	6.07
972.76	45.89	81.72
449.44	0.00	10.42
898.79	0.01	5.38
1075.60	40.17	139.43
449.44	0.00	69.90
898.79	0.01	5.02
744.15	58.61	109.93
449.44	0.00	6.96
898.88	0.00	15.70
1318.58	26.65	62.72
451.98	0.00	31.39
903.95	0.00	30.82
451.98	75.00	266.86
451.98	0.00	30.55
451.98	50.00	268.31
451.98	76.78	263.16
451.98	0.00	189.93
451.98	50.03	258.95
451.98	75.00	268.30
449.44	0.00	182.41
898.88	0.00	11.51
449.39	75.00	173.55
449.44	0.00	181.15
449.44	50.00	340.10
1348.04	25.02	60.48
449.44	0.00	7.18
449.30	50.02	176.13
1348.05	25.01	61.73
355.82	14.27	263.27
668.27	30.90	150.26
668.25	73.90	249.47
355.81	3.70	243.33
723.01	29.87	120.25
367.19	83.83	448.99
369.49	0.00	33.12
668.27	9.61	123.27
668.27	65.64	133.66
449.44	0.00	179.08
898.88	0.00	21.54
899.67	50.00	180.15
449.44	0.00	9.75
449.83	50.00	169.29
449.83	75.00	190.65
449.44	0.00	167.87
449.83	50.00	189.03
449.83	75.00	170.89
449.44	0.00	8.06
882.80	1.79	93.68
1405.63	21.81	62.07
449.44	0.00	7.10
898.79	0.01	4.31
884.20	50.82	93.98
449.44	0.00	2.22
898.09	0.09	79.96
928.23	48.37	88.69
449.39	0.01	30.04
898.88	0.00	24.34
449.44	75.00	350.85
449.44	0.00	182.80
449.44	50.00	190.81
449.44	75.00	170.72
449.44	0.00	18.41
449.44	50.00	181.46
898.70	50.01	91.69
449.44	0.00	175.48
449.44	50.00	194.17
898.88	50.00	102.11
449.44	0.00	167.57
449.44	47.06	342.61
449.44	75.00	179.14
449.44	0.00	17.95
449.44	50.00	339.05
898.88	50.00	103.89
531.51	0.00	6.85
604.79	50.00	132.82
1228.95	39.67	99.32
531.51	0.00	9.45
781.04	0.00	3.01
546.07	77.20	220.14
531.39	0.00	153.69
781.04	0.00	7.75
604.81	79.81	166.87
345.39	23.15	240.25
690.86	23.14	120.60
690.86	61.57	117.68
345.43	23.14	251.80
690.72	23.16	152.23
690.86	61.57	117.82
449.44	0.00	12.29
690.86	23.14	144.85
690.86	61.57	137.27
392.87	12.59	212.77
785.74	12.59	105.73
785.82	56.29	126.77
392.91	12.58	202.57
785.82	12.58	106.61
785.74	56.29	104.15
449.44	-0.00	31.46
785.82	12.58	118.32
785.82	56.29	104.15
449.44	0.00	184.16
449.44	50.00	190.39
449.39	75.00	268.33
449.44	0.00	16.71
449.44	50.00	210.45
898.70	50.01	108.99
449.44	0.00	177.73
449.44	50.00	173.03
898.88	50.00	90.30
449.44	0.00	10.50
898.88	0.00	12.63
1573.03	12.50	61.84
449.44	0.00	5.76
898.88	0.00	4.27
1647.94	8.33	46.00
449.39	0.01	14.27
898.88	0.00	16.93
1423.22	20.83	124.59
449.44	0.00	14.28
569.41	36.65	251.68
284.67	84.16	362.15
449.44	0.00	28.30
284.70	68.33	266.79
854.20	52.49	182.31
449.44	0.00	8.82
854.11	4.98	97.61
284.73	84.16	499.54
449.44	0.00	16.88
436.64	51.42	188.07
343.45	80.90	232.41
449.44	0.00	17.70
873.27	2.85	106.43
873.10	51.43	193.14
349.04	22.34	232.87
436.59	51.43	189.49
436.59	75.71	352.90
449.44	0.00	26.06
898.88	0.00	90.44
449.44	78.28	204.89
449.44	0.00	26.97
898.88	0.00	105.29
224.72	87.50	431.62
449.44	0.00	20.51
224.72	75.00	431.39
627.84	63.86	280.48
385.23	14.29	214.77
754.33	16.08	124.82
754.40	58.04	119.91
449.43	0.00	19.96
369.18	58.93	221.40
754.40	58.04	119.57
449.43	0.00	21.68
754.40	16.07	122.39
754.40	58.04	108.14
207.41	53.85	374.94
207.43	76.92	372.64
950.52	47.13	98.40
449.44	0.00	7.58
898.88	0.00	4.69
207.43	88.46	368.90
449.39	0.01	13.51
898.88	0.00	14.72
892.50	50.35	179.14
449.44	-0.00	189.78
449.44	50.00	298.30
898.88	50.00	92.01
449.39	0.01	180.02
449.44	50.00	173.46
799.00	55.56	193.72
449.39	0.01	180.04
898.88	0.00	11.82
449.44	75.00	264.59
260.96	41.94	312.40
260.96	70.97	397.54
260.96	85.48	445.25
449.44	0.00	9.96
782.89	12.90	118.41
391.45	78.23	227.40
391.45	12.90	204.69
782.89	12.90	129.57
521.93	70.97	261.57
449.44	0.00	14.01
254.08	71.73	482.95
449.39	75.00	272.88
449.44	0.00	17.49
249.69	72.22	437.51
449.35	75.00	264.57
449.44	0.00	9.21
898.88	0.00	21.31
449.44	75.00	295.38
449.44	0.00	181.51
449.44	50.00	214.85
898.88	50.00	101.84
449.30	0.03	185.53
449.44	50.00	173.05
449.44	75.00	268.07
449.39	0.01	194.76
898.79	0.01	112.51
898.88	50.00	90.98
406.49	9.56	202.07
782.80	12.91	117.75
270.15	84.97	533.53
449.44	0.00	19.70
272.76	69.66	474.66
542.80	69.81	251.92
449.44	0.00	10.41
270.12	69.95	392.73
813.06	54.77	100.81
449.44	0.00	12.27
898.88	0.00	12.78
652.70	63.69	125.68
425.09	5.42	186.78
898.88	0.00	13.81
426.01	76.30	189.43
449.44	0.00	7.81
649.66	27.73	138.27
1137.44	36.73	72.42
404.49	10.00	341.06
808.99	10.00	113.32
404.49	77.50	189.37
449.44	0.00	37.03
404.49	55.00	351.94
404.49	77.50	189.27
404.49	10.00	229.12
808.99	10.00	114.36
404.49	76.92	302.79
449.35	0.02	13.64
898.88	0.00	10.53
898.78	50.01	84.38
449.44	0.00	6.59
898.88	0.00	92.59
898.88	50.00	145.67
449.44	0.00	1.14
898.88	0.00	7.72
898.88	50.00	135.88
432.72	0.00	24.78
879.29	0.00	29.57
432.72	73.42	269.03
446.57	0.00	16.41
879.29	0.00	9.20
446.57	76.39	172.24
446.57	0.00	17.28
823.90	0.00	8.73
879.29	50.00	90.56
449.44	0.00	13.72
898.88	0.00	12.22
1761.80	2.00	51.23
449.44	0.00	5.06
898.88	0.00	8.93
1761.80	2.00	45.56
449.44	0.00	18.52
683.15	24.00	119.69
1761.80	2.00	44.48
449.44	0.00	162.58
517.70	42.70	160.02
966.94	46.20	171.70
449.44	0.00	214.81
488.35	45.95	168.41
483.52	73.17	251.32
449.33	0.00	8.09
898.66	0.00	7.91
517.70	71.27	210.23
309.89	40.19	182.94
793.25	5.92	103.96
266.50	86.96	379.46
316.50	2.55	337.99
309.82	70.05	277.71
793.25	57.20	101.87
260.22	47.08	497.90
266.52	75.60	280.42
303.22	80.13	300.86
449.39	0.01	5.08
898.88	0.00	5.62
1242.68	30.88	66.90
449.44	0.00	18.21
898.79	0.01	12.16
1242.55	30.88	132.48
449.39	0.01	106.74
898.88	0.00	7.34
793.24	55.88	107.54
449.39	0.01	17.80
435.24	51.58	283.55
877.17	51.21	125.04
449.44	0.00	18.43
877.34	2.40	112.55
438.67	75.60	196.64
442.02	1.65	199.12
438.67	51.20	176.80
877.34	51.20	105.42
449.44	0.00	19.28
823.77	8.36	122.54
274.59	84.73	285.02
408.43	9.12	192.48
274.59	69.45	387.83
823.77	54.18	112.27
415.33	7.59	389.47
274.59	69.45	376.27
408.39	77.28	199.05
449.44	0.00	126.64
898.88	-0.00	15.30
781.66	56.52	109.59
449.44	0.00	103.78
898.79	0.01	4.77
668.67	62.80	128.67
449.44	0.00	125.51
898.79	0.01	9.78
1387.97	22.79	59.19
449.44	0.00	18.17
288.92	67.86	361.82
866.51	51.80	194.03
288.92	35.71	265.23
866.60	3.59	110.31
866.69	51.79	290.23
449.44	0.00	180.56
417.34	53.57	279.29
288.87	83.93	270.89
449.39	0.01	8.52
425.78	52.63	459.90
851.57	52.63	95.99
418.62	6.86	364.08
425.78	52.63	279.87
851.40	52.64	96.46
432.78	3.71	191.05
425.74	52.64	277.92
425.74	76.32	191.21
384.74	0.63	199.55
822.53	27.21	114.59
447.61	77.05	271.66
386.80	0.00	17.21
822.53	0.30	102.39
384.74	78.21	198.10
386.80	0.00	19.47
822.53	0.30	112.85
386.70	76.62	299.26
427.78	0.00	199.91
796.58	27.81	114.45
796.58	59.39	124.48
380.60	0.00	10.05
796.58	7.15	116.08
368.80	65.87	310.26
675.62	0.00	9.35
796.58	6.95	107.42
796.58	59.39	102.58
449.44	0.00	10.66
898.88	0.00	9.23
1307.33	27.28	61.58
449.44	0.00	71.55
898.79	0.01	16.94
1236.64	31.21	74.49
449.44	0.00	5.71
898.88	0.00	4.99
861.73	52.07	94.90
449.44	0.00	14.24
898.88	0.00	8.45
449.44	0.00	153.08
449.44	0.00	16.02
898.88	0.00	9.35
898.88	0.00	110.36
449.44	0.00	8.01
898.88	0.00	10.23
898.88	50.00	101.01
351.74	21.74	229.62
703.47	21.74	118.49
703.26	60.88	156.13
351.74	21.74	241.96
351.70	60.87	338.72
703.47	60.87	116.01
351.70	21.75	234.16
703.47	21.74	130.90
351.74	80.43	442.77
449.44	0.00	11.04
224.67	75.01	348.41
699.13	61.11	167.42
449.44	0.00	28.43
823.97	8.33	107.49
224.72	87.50	345.08
449.44	0.00	13.31
724.09	19.44	109.85
1423.22	20.83	64.99
449.24	0.00	174.68
898.47	0.00	22.68
449.24	72.73	352.48
449.24	0.00	2.76
898.39	0.01	14.68
898.39	50.00	189.13
449.24	0.00	26.34
449.24	50.00	171.81
449.24	75.00	340.02
449.44	0.00	22.48
674.09	25.01	245.19
674.09	62.50	120.83
449.44	0.00	23.37
674.09	25.01	123.05
674.16	62.50	120.66
449.44	0.00	34.63
674.09	25.01	244.29
674.16	62.50	241.80
449.44	0.00	9.52
898.88	0.00	9.36
1797.75	0.00	3.42
449.35	0.02	2.73
898.88	0.00	12.31
1797.75	0.00	1.45
449.44	0.00	13.53
898.88	0.00	3.01
1797.75	0.00	10.30
449.40	0.01	139.94
898.88	0.00	8.63
577.85	67.86	133.69
449.40	0.01	135.00
577.85	35.71	140.40
577.67	67.87	207.99
449.44	0.00	7.64
898.78	0.01	12.24
577.85	67.86	143.92
309.56	31.12	507.60
619.17	31.12	148.38
294.64	83.61	407.67
449.44	0.00	25.40
619.11	31.12	149.09
294.62	83.61	391.24
309.52	31.13	265.90
619.17	31.12	168.68
309.56	82.78	248.63
449.44	0.00	4.70
898.88	0.00	5.84
1797.75	0.00	5.29
449.35	0.02	7.78
898.88	0.00	3.49
1797.75	0.00	4.40
449.35	0.02	10.18
898.88	0.00	7.08
1797.75	0.00	2.10
422.40	0.00	19.64
897.10	0.00	118.77
85.71	95.59	312.41
405.70	1.54	307.66
897.10	0.00	12.17
897.10	48.45	204.51
405.70	1.02	308.09
897.10	0.00	105.64
897.10	50.00	209.87
410.60	8.64	202.83
821.20	8.64	99.90
307.99	82.87	438.01
381.46	15.13	229.56
315.62	64.89	349.64
821.11	54.33	99.77
410.56	8.65	211.97
821.20	8.64	112.21
410.56	77.16	302.05
449.44	0.00	16.81
890.10	0.98	104.24
890.28	50.48	102.41
449.39	0.01	17.86
445.14	50.48	184.76
890.28	50.48	106.69
445.10	0.97	195.21
890.28	0.96	91.07
890.28	50.48	91.93
458.01	0.00	15.07
458.01	63.87	184.01
845.68	58.84	116.63
458.01	0.00	18.45
458.01	45.84	183.11
916.03	58.28	114.98
458.01	0.00	19.36
845.68	0.00	11.77
845.68	58.84	113.64
449.44	0.00	98.84
898.88	0.00	10.69
1298.38	27.78	79.85
449.39	0.01	11.81
848.94	5.56	94.79
1248.31	30.56	131.60
449.44	0.00	12.75
898.88	0.00	5.97
1298.38	27.78	75.09
385.09	14.29	217.94
385.13	57.14	314.62
770.25	57.14	105.87
449.23	0.02	20.92
385.13	57.31	213.05
385.09	78.57	417.02
385.13	14.29	424.17
770.10	14.30	119.39
770.25	57.14	106.24
449.44	0.00	117.23
898.88	0.00	4.90
674.16	62.50	123.33
449.44	0.00	13.71
183.86	79.55	415.56
183.80	89.78	524.22
449.44	0.00	122.59
183.86	79.55	408.16
183.84	89.77	556.53
449.44	0.00	11.91
898.79	0.01	5.14
1217.83	32.26	86.34
449.39	0.01	5.75
898.79	0.01	6.17
1217.83	32.26	68.14
449.44	0.00	19.71
898.70	0.02	7.14
1217.70	32.27	90.65
472.91	0.00	22.45
709.36	6.24	133.68
236.45	82.91	440.62
472.91	0.00	23.91
709.36	21.87	120.56
236.45	85.01	440.70
236.45	62.57	350.75
709.36	25.00	144.09
709.36	61.70	117.11
331.40	0.00	19.32
800.81	22.33	130.50
285.38	78.95	402.63
513.68	0.42	229.64
800.81	22.90	128.06
800.81	57.56	129.74
285.74	44.45	398.30
287.20	73.36	211.97
800.81	57.56	114.46
449.44	0.00	7.70
898.88	0.00	26.13
449.44	75.00	171.57
449.44	0.00	176.24
898.79	0.01	77.76
449.39	75.00	182.07
449.39	0.01	182.57
898.88	0.00	19.20
898.79	50.01	183.65
449.44	0.00	295.81
898.88	0.00	6.72
1015.49	43.51	110.62
449.44	0.00	12.47
898.88	0.00	6.09
565.94	68.52	220.97
449.44	0.00	14.59
898.88	0.00	7.99
566.06	68.51	222.09
449.30	0.03	109.68
898.88	0.00	6.50
1797.75	0.00	4.81
449.39	0.01	8.81
898.88	0.00	4.07
1483.00	17.51	97.94
449.44	0.00	6.98
898.88	0.00	3.53
763.97	57.50	154.35
449.44	0.00	14.85
898.79	0.01	27.25
449.44	75.00	262.40
449.39	0.01	17.48
898.88	0.00	28.91
898.79	50.01	91.86
449.44	0.00	165.88
898.88	0.00	10.22
898.88	50.00	101.60
424.84	0.00	21.56
424.84	53.03	183.35
477.53	74.94	162.33
477.53	0.00	30.75
424.84	33.23	164.57
477.53	79.57	325.57
424.84	0.00	6.65
902.37	0.00	14.32
902.37	50.00	183.90
443.86	0.00	18.58
887.72	0.00	131.21
443.87	50.00	150.08
443.86	0.00	19.48
887.72	0.00	12.79
887.70	50.00	115.19
443.86	0.00	29.48
887.72	0.00	10.22
887.72	48.35	93.65
449.44	0.00	5.77
898.88	0.00	3.07
674.16	62.50	176.04
449.44	0.00	167.84
898.88	0.00	5.38
674.09	62.50	115.48
449.35	0.02	5.99
898.79	0.01	10.65
449.39	75.00	234.76
417.05	7.21	189.75
648.58	27.85	125.92
1129.67	37.16	142.99
449.39	0.01	12.04
898.88	0.00	5.71
1797.75	0.00	2.43
449.44	0.00	5.08
408.95	54.50	193.63
638.93	64.46	121.16
397.02	11.66	209.72
385.72	57.09	313.21
378.21	78.96	593.35
393.18	12.52	221.36
771.43	14.18	108.09
771.36	57.09	106.00
374.37	16.70	218.09
574.52	36.09	253.70
385.72	78.54	309.23
343.68	23.53	447.77
343.75	61.76	351.65
343.75	80.88	445.54
234.88	47.74	566.50
343.75	61.76	460.37
224.98	87.49	467.91
227.55	49.36	572.19
687.50	23.52	133.36
343.75	80.88	248.02
382.79	0.03	196.97
776.27	0.00	10.26
1413.21	21.43	59.46
393.38	0.00	10.55
1028.66	0.00	6.46
380.77	84.43	193.92
645.43	0.00	13.84
330.30	45.73	219.21
1361.10	30.51	71.85
449.44	0.00	24.12
898.88	0.00	11.84
449.44	75.00	267.29
449.44	0.00	162.19
449.39	50.00	171.22
898.88	50.00	101.74
449.39	0.01	18.03
449.44	50.00	185.66
898.88	50.00	100.18
449.44	0.00	7.53
898.88	0.00	3.29
1741.40	3.13	50.41
449.44	0.00	1.71
898.88	0.00	4.31
955.06	46.88	80.83
449.44	0.00	9.84
898.88	0.00	4.21
955.06	46.88	85.44
449.39	0.01	18.87
414.26	53.91	284.00
844.08	53.05	162.66
431.52	3.99	193.51
843.91	6.12	99.12
844.08	53.05	206.12
429.81	4.37	203.17
843.99	6.11	108.98
412.56	77.05	186.06
449.38	0.00	48.49
449.38	50.00	184.27
449.33	75.00	204.26
449.38	0.00	6.27
449.38	50.00	179.42
898.76	50.00	92.15
449.38	0.00	8.94
449.38	50.00	196.73
898.76	50.00	116.18
449.44	0.00	136.16
599.25	33.33	141.05
524.34	70.83	168.58
449.44	0.00	132.60
898.88	0.00	15.56
524.34	70.83	168.58
449.44	0.00	14.82
599.25	33.33	147.51
1048.69	41.67	79.71
449.44	0.00	6.06
898.88	0.00	2.27
1797.75	0.00	2.45
449.39	0.01	3.31
898.88	0.00	7.54
1797.57	0.01	10.11
449.44	0.00	6.74
898.88	0.00	3.12
1797.75	0.00	4.47
269.65	40.01	301.42
809.12	10.00	103.94
269.71	85.00	386.49
449.44	0.00	19.24
809.04	10.01	103.95
809.12	55.00	144.16
449.44	0.00	9.95
809.12	10.00	152.20
269.71	85.00	378.30
423.16	0.00	11.70
423.14	46.46	189.83
420.99	75.06	181.55
756.92	0.00	369.26
433.91	63.95	162.04
756.92	74.73	477.03
423.14	0.00	9.03
423.14	49.87	169.80
423.25	65.03	434.42
449.44	0.00	98.56
898.88	0.00	9.14
829.73	53.85	142.32
449.39	0.01	4.12
898.88	0.00	4.68
1797.75	0.00	8.31
449.44	0.00	7.48
898.79	0.01	6.90
1728.44	3.86	46.24
449.39	0.01	9.82
898.88	0.00	11.70
1797.75	0.00	7.02
449.44	0.00	9.30
557.92	37.93	146.18
557.92	68.97	203.24
449.35	0.02	18.49
898.88	0.00	5.55
1115.85	37.93	85.34
432.70	3.75	363.57
424.27	52.96	279.07
429.89	76.06	178.88
438.27	2.51	181.40
533.85	40.62	261.64
429.89	76.06	280.30
427.08	5.00	362.54
421.38	53.13	198.12
427.08	76.21	189.97
252.00	47.06	314.80
896.02	0.00	26.09
896.02	50.00	92.37
449.44	0.01	172.13
252.00	70.97	475.50
895.93	50.00	90.68
448.01	0.00	8.23
896.02	0.00	28.00
896.02	50.00	119.71
449.44	0.00	14.45
449.44	50.00	355.33
449.44	75.00	260.68
449.44	0.00	18.02
898.79	0.01	9.31
224.70	87.50	433.43
449.44	0.00	8.61
224.67	75.00	356.94
449.39	75.00	265.46
449.35	0.02	10.94
712.47	20.74	134.85
861.60	52.07	150.18
449.39	0.01	22.91
898.88	0.00	5.61
1615.49	10.14	50.03
449.44	0.00	134.40
898.88	0.00	4.66
1358.53	24.43	103.26
404.82	10.00	193.64
404.82	55.00	199.49
674.70	62.50	179.15
449.44	0.02	6.40
898.88	0.00	4.54
809.64	53.85	162.87
449.44	0.00	4.60
674.62	25.01	124.36
1349.40	26.83	61.51
457.09	0.00	353.00
457.09	50.00	235.37
457.09	75.00	262.50
457.09	0.00	7.67
457.09	50.03	169.94
457.09	75.00	263.32
457.09	0.00	8.56
457.09	50.00	247.28
457.09	75.00	266.85
420.65	6.41	186.41
406.17	54.73	191.93
825.31	54.05	99.21
449.44	0.00	9.48
412.65	54.09	300.46
412.65	76.96	214.17
412.65	8.19	214.73
412.65	54.01	288.99
825.31	54.05	116.07
452.85	0.00	18.90
449.85	61.66	333.16
830.61	60.33	125.62
449.85	0.64	395.25
449.85	56.80	211.71
899.71	59.73	122.11
452.85	0.00	19.80
830.61	30.40	115.28
899.71	59.95	120.07
449.44	0.00	7.88
898.88	0.00	5.59
1797.75	0.00	4.06
449.44	0.00	2.03
898.88	0.00	2.48
1797.75	0.00	4.10
449.44	0.00	3.81
898.88	0.00	3.81
1797.75	0.00	4.98
449.35	0.02	11.40
898.79	0.01	9.80
1797.75	0.00	7.05
449.39	0.01	9.00
898.70	0.02	9.73
1797.75	0.00	5.63
449.39	0.01	4.02
898.88	0.00	10.03
1797.75	0.00	3.89
449.44	0.00	27.35
898.88	0.00	8.46
901.93	50.02	186.54
449.44	0.00	162.33
451.10	50.00	174.72
451.10	75.00	181.02
449.44	0.00	16.37
898.88	0.00	19.14
451.10	75.00	187.27
449.35	0.02	2.40
898.88	0.00	1.37
1797.75	0.00	1.36
449.35	0.02	2.24
898.70	0.02	2.99
1797.75	0.00	2.94
449.35	0.02	3.36
898.88	0.00	2.69
1797.75	0.00	5.64
449.39	0.01	27.11
827.44	7.95	118.39
827.61	53.96	110.49
206.90	53.96	372.92
206.90	76.98	361.87
206.88	88.49	370.20
413.76	7.94	211.37
206.90	76.98	462.31
413.80	76.98	290.62
383.10	0.00	5.21
372.60	62.91	206.47
1293.49	20.99	59.08
575.15	0.00	105.49
908.13	0.22	97.89
322.99	80.69	311.75
375.09	0.00	1.77
313.00	71.78	289.49
1918.66	0.00	4.05
449.44	0.00	15.40
898.88	0.00	18.11
898.88	50.00	90.41
449.35	0.02	15.58
898.88	0.00	10.40
898.88	50.00	101.97
449.35	0.02	16.97
779.27	13.31	119.02
898.88	50.00	92.18
456.36	0.00	183.46
459.28	52.85	179.91
901.62	37.31	96.92
456.94	0.00	25.04
456.94	25.05	186.68
456.36	78.95	267.17
459.28	0.00	25.95
459.28	49.99	350.31
901.62	50.02	186.47
436.42	2.90	187.89
770.81	14.25	203.86
288.92	83.93	355.17
449.44	0.00	17.20
430.22	52.14	273.64
288.92	83.93	260.57
288.90	35.72	272.04
866.77	3.57	106.17
866.77	51.79	176.22
154.88	65.54	515.79
654.48	27.19	292.77
154.88	91.38	625.84
449.44	-0.00	36.18
654.48	27.19	144.31
654.35	63.60	141.14
449.39	0.01	37.13
654.48	27.19	126.75
154.88	91.38	613.16
192.62	57.14	403.43
192.60	78.57	527.42
706.26	60.71	265.43
192.62	57.14	397.42
898.88	0.00	13.17
1155.70	35.71	71.59
449.44	0.00	112.73
898.88	0.00	6.97
577.85	67.86	140.72
356.57	0.00	34.10
305.68	54.55	627.05
305.68	83.24	375.90
356.57	0.00	34.80
611.37	33.33	143.19
611.37	66.49	141.83
552.27	0.00	28.45
611.37	29.58	131.80
305.68	83.24	374.68
454.11	0.00	18.36
454.11	50.00	259.33
454.11	77.68	257.32
454.11	0.00	8.34
908.21	0.00	23.02
908.21	50.00	108.41
454.11	0.00	349.04
454.11	50.00	351.35
908.21	50.00	92.50
449.35	0.02	12.73
898.70	0.02	11.52
1403.86	21.91	57.85
449.44	0.00	14.71
898.79	0.01	11.57
959.28	46.64	85.17
449.44	0.00	99.52
898.88	0.00	6.49
878.68	51.12	148.31
377.06	0.64	196.16
815.81	6.88	114.31
378.98	82.09	283.59
378.98	0.00	19.99
815.81	0.01	98.12
436.83	77.43	254.55
436.85	0.00	25.31
815.81	6.88	92.37
378.98	77.70	180.85
374.06	16.77	424.78
748.13	16.77	122.94
374.06	79.19	413.39
379.68	15.52	228.87
748.05	16.78	123.45
748.05	58.39	108.95
449.44	0.00	11.23
748.05	16.78	123.69
368.45	79.50	230.90
449.44	0.00	171.93
449.44	50.00	180.75
898.70	50.01	92.13
449.44	0.00	8.87
898.88	0.00	31.27
898.79	50.00	183.48
449.35	0.02	24.12
449.35	50.01	174.56
449.44	75.00	171.62
449.39	0.01	7.83
898.88	0.00	8.15
758.28	57.82	109.09
449.44	0.00	10.52
898.70	0.02	2.88
1797.75	0.00	2.35
449.39	0.01	4.96
898.88	0.00	7.25
758.43	57.81	102.45
425.06	5.42	203.91
737.86	17.91	124.70
737.93	58.95	124.38
449.35	0.02	10.31
698.45	22.30	233.53
737.93	58.95	110.56
449.44	0.00	11.25
737.86	17.91	125.42
737.79	58.96	110.66
449.35	0.02	17.98
895.67	0.36	105.10
898.88	50.00	102.71
449.44	0.00	19.23
898.79	0.01	11.10
898.88	50.00	122.03
449.44	0.00	17.69
898.88	0.00	21.78
898.88	50.00	102.86
293.04	61.51	220.36
302.39	71.57	173.53
1348.48	28.68	104.84
302.41	0.00	11.04
526.85	10.98	399.67
575.94	61.48	148.34
294.60	0.00	8.11
831.13	0.00	4.87
294.90	92.36	240.51
449.44	0.00	19.24
838.56	6.71	109.42
838.56	53.36	136.51
449.44	0.00	20.13
838.48	6.72	121.48
838.56	53.36	114.14
429.33	4.47	184.59
409.19	54.48	286.34
838.56	53.36	98.17
270.93	18.29	256.80
1070.74	0.00	22.70
855.43	50.00	112.81
312.20	1.14	237.90
855.43	0.00	105.02
855.43	55.59	86.96
324.34	0.00	15.03
855.43	0.00	9.78
313.92	86.38	239.23
449.39	0.01	9.95
759.84	15.47	134.32
759.92	57.73	119.28
380.73	15.29	215.48
379.18	57.82	326.95
1469.58	18.25	40.24
449.44	0.00	21.05
759.84	15.47	110.63
700.37	61.04	239.90
449.39	0.01	141.66
898.79	0.01	11.71
1375.68	23.48	68.49
449.44	0.00	12.12
608.48	32.31	135.95
608.48	66.15	232.73
449.39	0.01	128.53
898.88	0.00	12.92
664.15	63.06	135.61
248.48	0.03	406.31
447.24	50.18	444.00
248.53	86.54	600.61
447.24	30.77	449.65
662.39	5.88	155.67
447.24	71.97	354.10
447.24	30.77	237.14
694.19	0.24	120.59
447.24	79.64	355.34
449.44	0.00	23.39
656.67	26.95	136.93
704.68	60.80	123.98
418.42	6.90	203.04
898.88	0.00	5.02
311.06	82.70	336.88
449.44	0.00	13.83
311.15	65.38	258.77
419.01	76.69	196.32
449.44	0.00	21.97
674.16	25.00	152.21
674.02	62.51	157.16
449.44	0.00	23.25
674.16	25.00	135.65
674.16	62.50	120.98
449.44	0.00	12.32
674.16	25.00	123.14
674.16	62.50	133.22
449.44	0.00	2.13
799.24	11.08	104.21
1180.84	34.32	77.80
449.44	0.00	12.18
898.88	0.00	4.90
907.36	49.53	90.43
449.35	0.02	8.95
898.88	0.00	5.10
786.52	56.25	108.48
449.44	0.00	20.44
795.92	11.45	127.74
530.86	70.47	257.58
270.30	39.86	307.49
795.92	11.45	105.67
795.92	55.73	103.00
265.07	41.02	441.36
260.56	71.01	312.57
795.92	55.73	117.91
337.08	25.00	474.25
337.04	62.50	368.72
674.09	62.50	155.87
337.08	25.00	233.99
674.09	25.01	135.23
674.16	62.50	120.66
337.08	25.00	229.28
674.02	25.01	136.64
337.04	81.25	360.12
449.29	0.00	25.36
465.88	48.63	186.10
898.58	50.23	91.52
449.24	0.01	25.47
898.58	0.00	38.49
415.97	76.85	290.61
449.20	0.02	8.84
482.57	46.30	200.36
416.01	76.74	438.08
449.44	0.00	18.25
898.88	0.00	22.47
898.88	50.00	107.47
449.44	0.00	10.23
898.88	0.00	14.46
898.88	52.94	90.67
449.44	0.00	179.78
449.44	50.00	189.57
898.88	50.00	108.36
449.39	0.01	32.25
748.82	16.69	125.62
748.82	58.35	159.02
449.44	0.00	22.03
374.41	58.35	219.62
748.82	58.35	126.54
374.41	16.69	224.08
748.75	16.70	111.03
748.82	58.35	108.56
449.41	0.01	22.58
674.08	25.01	137.00
674.01	62.51	240.92
337.08	25.00	254.70
337.08	62.50	349.47
337.08	81.25	239.04
449.44	0.00	12.61
674.16	25.00	135.72
336.97	81.26	352.63
448.92	0.00	25.87
505.03	43.75	189.40
561.14	68.75	229.97
448.92	0.00	6.02
504.98	43.76	162.60
505.03	71.88	234.36
448.92	0.00	14.63
898.88	0.02	9.38
505.03	71.88	169.23
449.44	0.00	18.27
296.56	67.01	434.46
300.01	83.31	532.56
442.95	1.44	189.51
886.09	1.42	93.20
886.09	50.71	102.77
443.00	1.43	190.14
289.49	67.79	353.21
886.09	50.71	92.67
449.44	0.00	16.67
288.87	67.86	264.61
866.77	51.79	108.38
449.44	0.00	18.10
866.77	3.57	105.84
288.90	83.93	353.91
288.90	35.72	290.50
866.77	3.57	105.11
536.39	70.16	248.01
449.44	0.00	4.27
337.01	62.51	230.93
337.04	81.25	293.73
449.35	0.02	16.39
337.08	62.50	236.26
1348.18	25.01	61.35
337.08	25.00	238.05
898.88	0.00	1.14
898.88	50.00	154.81
404.35	0.00	376.95
404.35	52.63	203.49
404.35	77.50	211.74
449.14	0.03	20.23
404.31	55.00	296.91
404.35	76.92	293.97
449.28	0.00	21.20
808.61	10.01	104.28
808.61	55.00	123.88
449.44	0.00	11.34
898.88	0.00	12.55
1049.95	41.60	156.20
449.39	0.01	15.20
898.88	0.00	14.83
1295.44	27.94	126.54
449.44	0.00	20.55
509.82	43.28	159.74
509.87	71.64	159.10
449.39	0.01	22.53
674.16	25.00	137.89
898.88	50.00	90.29
449.44	0.00	35.88
674.16	25.00	136.70
337.08	81.25	468.53
449.44	0.00	36.77
337.08	62.50	376.72
337.08	81.25	253.24
535.15	0.00	23.04
984.67	0.00	89.77
984.67	49.94	89.96
461.33	0.00	10.18
984.67	0.00	91.00
984.67	50.00	97.61
461.33	0.00	190.18
984.67	0.00	109.90
461.33	50.71	182.79
449.34	0.00	10.01
883.70	29.09	119.14
823.80	52.52	148.85
449.34	0.00	10.89
524.25	41.66	113.43
823.89	65.62	144.93
449.34	0.00	11.80
524.71	12.48	105.38
883.70	60.13	143.31
449.35	0.02	64.63
898.88	0.00	7.72
1348.31	25.00	63.85
449.39	0.01	8.01
898.79	0.01	3.60
1797.75	0.00	4.74
449.39	0.01	4.72
898.88	0.00	4.93
1797.75	0.00	4.77
449.35	0.02	20.85
758.73	15.59	121.49
758.73	57.80	119.00
386.57	13.99	215.68
758.73	15.59	121.44
372.12	79.30	312.71
449.44	0.00	10.88
758.73	15.59	109.60
758.73	57.80	119.06
445.19	0.00	16.57
445.19	50.15	184.82
445.19	74.92	170.63
445.19	0.00	8.71
890.39	0.00	12.64
890.39	50.00	110.49
445.19	0.00	9.60
890.39	0.00	37.52
890.39	50.00	125.48
184.39	49.08	253.98
847.97	0.00	11.48
877.68	39.62	85.81
368.06	0.00	5.14
360.49	31.43	363.93
185.34	89.46	393.28
362.22	0.00	97.57
995.10	0.00	6.74
693.48	62.25	120.70
449.37	0.02	8.91
674.16	25.00	113.71
1348.31	25.00	64.36
449.44	0.00	9.80
898.88	0.00	3.91
674.16	62.50	123.46
449.44	0.00	72.92
898.88	0.00	5.55
1348.31	25.00	104.25
341.78	14.28	248.26
341.78	64.77	366.04
343.95	82.84	350.80
354.92	0.00	22.64
685.72	29.67	245.81
343.95	70.58	460.17
626.56	0.00	35.93
615.17	42.57	383.34
685.73	60.28	120.49
357.46	18.62	284.36
715.06	20.45	129.06
715.06	60.23	127.37
449.44	0.00	22.05
715.06	20.45	116.15
347.28	80.68	435.53
367.71	18.19	226.89
714.99	20.46	133.52
715.06	60.23	126.42
449.44	0.00	14.07
898.79	0.01	15.66
368.55	79.50	302.21
449.44	0.00	8.23
898.88	0.00	18.33
898.79	50.00	90.88
449.30	0.03	17.97
368.52	59.00	225.65
898.88	50.00	101.39
449.44	0.00	20.46
898.88	0.00	10.72
1797.57	0.01	14.42
449.44	0.00	4.32
898.79	0.01	7.62
910.02	49.38	144.41
449.39	0.01	10.21
898.88	0.00	4.98
966.29	46.25	84.99
449.44	0.00	4.82
591.31	34.22	148.26
447.60	75.10	255.29
449.44	0.00	143.99
898.88	0.00	5.35
1694.06	5.77	27.43
446.64	0.62	174.97
454.25	49.46	180.10
447.69	75.10	256.62
449.44	0.00	16.58
898.88	0.00	20.24
898.79	50.01	104.70
449.44	0.00	25.48
898.88	0.00	27.26
898.88	50.00	110.91
449.30	0.03	18.57
898.88	0.00	15.69
898.88	50.00	90.45
413.58	0.00	18.37
410.95	54.27	289.74
413.58	77.86	267.32
424.62	0.00	9.35
837.67	1.55	107.09
424.10	74.66	290.63
413.58	0.00	20.13
413.58	54.33	182.01
476.70	73.85	333.55
651.20	0.00	194.24
418.64	50.00	179.07
372.12	76.80	173.66
372.12	0.00	161.91
649.35	51.78	232.23
429.71	73.20	228.98
651.20	0.00	22.88
372.49	52.39	200.31
418.27	80.28	156.71
449.44	0.00	14.61
898.88	0.00	6.40
909.24	49.42	90.31
449.39	0.01	19.35
459.89	48.84	176.55
1797.75	0.00	4.21
449.44	0.00	178.20
898.88	0.00	8.62
909.15	49.43	100.54
449.39	0.01	261.74
898.88	0.00	5.39
442.25	75.40	288.79
449.44	0.00	18.54
665.17	26.00	118.33
438.65	75.60	178.75
449.44	0.00	4.67
880.90	2.00	117.74
1330.34	26.00	126.37
224.72	50.00	352.13
898.88	0.00	17.26
898.89	50.00	101.15
224.72	50.00	506.72
299.57	66.67	265.04
898.89	50.00	91.18
299.63	33.33	388.98
299.63	66.67	399.40
449.44	75.00	181.35
428.03	0.00	18.98
414.76	62.12	289.08
829.52	58.39	202.41
414.76	0.00	10.78
414.76	28.16	289.15
829.52	50.41	109.04
414.76	0.00	10.77
829.52	0.06	119.16
829.52	37.53	200.01
452.36	0.00	21.78
447.01	56.36	325.56
162.73	88.72	288.72
452.36	0.00	22.71
322.95	52.00	301.05
769.97	57.92	120.89
290.70	50.00	327.77
769.97	16.85	170.37
419.89	78.80	448.68
449.44	0.00	9.96
793.93	11.68	100.23
749.06	58.33	103.21
449.44	0.00	2.82
898.88	0.00	2.54
1797.75	0.00	4.22
449.39	0.01	4.35
898.88	0.00	10.04
1797.57	0.01	2.71
414.01	0.00	18.83
413.90	50.03	215.51
827.81	58.39	99.54
413.90	13.79	189.86
825.69	28.66	122.44
825.69	58.41	100.29
413.90	0.13	184.61
413.90	50.79	203.82
827.81	58.39	111.81
449.44	0.00	171.05
449.44	50.00	179.93
898.88	50.00	105.48
449.39	0.01	16.19
311.15	65.38	272.56
898.88	50.00	101.78
449.44	0.00	7.93
311.15	65.38	263.93
898.88	50.00	90.35
542.18	0.00	19.17
541.86	50.44	217.01
843.25	56.30	116.13
301.39	0.64	198.20
541.80	39.10	328.75
301.45	84.78	182.13
542.18	0.00	10.31
843.25	5.40	202.47
843.25	51.66	143.32
415.14	40.89	295.55
357.82	31.34	220.51
427.15	69.75	202.00
369.80	0.00	4.25
669.42	37.60	151.72
543.97	69.41	81.51
369.32	43.67	303.69
787.17	0.00	8.59
763.78	69.35	102.63
287.43	36.05	530.22
647.92	27.92	127.91
648.05	63.95	147.44
323.99	27.91	256.37
648.05	27.90	141.77
287.43	84.01	398.85
449.44	-0.00	36.54
647.92	27.92	156.66
647.99	63.96	152.30
367.44	18.20	209.37
735.02	18.18	125.38
735.02	59.09	230.15
449.14	0.01	22.07
367.51	59.09	235.36
367.51	79.55	331.67
449.18	0.00	9.46
367.51	59.09	335.08
1020.87	43.18	94.50
449.44	0.00	28.75
808.91	10.01	139.30
404.49	77.50	293.17
404.49	10.00	209.31
404.45	55.00	306.79
292.11	83.75	369.31
292.13	35.00	279.78
898.88	0.00	13.04
404.49	77.50	200.88
437.59	2.64	190.42
425.78	52.63	192.76
851.57	52.63	170.13
449.44	0.00	8.77
413.98	53.95	461.75
851.57	52.63	96.34
425.78	5.26	191.56
851.57	5.26	98.79
425.70	76.32	277.16
449.44	0.00	6.20
898.88	0.00	10.53
1225.74	31.82	67.41
449.35	0.02	10.94
898.70	0.02	12.98
1348.05	25.01	60.39
449.44	0.00	4.77
898.88	0.00	5.23
817.16	54.55	104.98
449.26	0.00	33.49
898.33	0.02	26.37
1527.32	15.01	54.76
449.26	0.00	4.41
898.51	0.00	9.76
1797.03	0.00	9.69
449.26	0.00	14.56
898.42	0.01	14.44
1796.85	0.01	4.97
449.39	0.01	11.93
898.79	0.01	13.64
409.76	77.21	259.14
415.04	7.65	182.80
898.88	0.00	6.53
409.84	77.20	191.34
449.35	0.02	106.38
785.28	12.64	101.46
1226.55	31.77	67.41
353.36	45.45	229.44
772.87	0.00	9.46
634.71	73.95	259.88
410.00	0.00	137.07
352.10	60.12	172.52
637.03	59.97	165.35
351.56	0.64	236.38
364.61	49.28	159.11
421.24	76.43	182.52
336.42	25.15	243.53
898.88	0.00	11.81
638.68	64.47	188.36
449.44	0.00	5.61
898.88	0.00	6.54
638.68	64.47	121.43
449.30	0.03	15.94
333.76	62.87	236.88
1277.35	28.95	72.18
449.39	0.01	61.99
898.79	0.01	90.37
1348.31	25.00	59.30
449.39	0.01	10.77
898.88	0.00	91.25
898.88	50.00	86.82
449.44	0.00	9.67
898.88	0.00	6.14
898.88	50.00	92.14
449.44	0.00	12.47
577.85	35.71	132.97
1155.70	35.71	84.09
449.44	0.00	6.07
577.85	35.71	136.21
1155.70	35.71	90.98
449.44	0.00	14.08
449.35	50.01	182.90
1155.70	35.71	98.40
449.44	0.00	22.33
682.90	24.03	139.65
682.90	62.01	119.53
449.44	0.00	11.38
682.83	24.04	134.80
682.90	62.01	118.82
449.44	0.00	12.27
682.90	24.03	133.98
682.90	62.01	151.47
449.44	0.00	17.61
449.44	50.00	183.27
898.70	50.01	131.86
449.44	0.00	183.36
898.88	0.00	20.00
898.88	50.00	181.80
449.44	0.00	18.50
898.88	0.00	21.78
898.88	50.00	90.53
560.57	0.00	20.85
353.42	76.32	228.55
925.46	44.05	110.89
305.06	13.97	538.56
353.42	65.19	306.66
304.67	85.06	395.30
599.57	0.00	8.51
304.67	67.64	380.77
925.46	43.78	111.74
449.44	0.00	11.15
898.88	0.00	9.86
1078.65	40.00	147.77
449.39	0.01	4.33
898.88	0.00	5.79
1168.31	35.01	70.83
449.44	0.00	13.91
898.88	0.00	12.83
898.88	50.00	90.48
449.44	0.00	18.27
616.23	31.44	132.32
898.88	50.00	92.47
449.39	0.01	17.48
898.88	-0.00	22.73
898.88	50.00	92.15
449.44	0.00	27.65
898.88	0.00	12.05
898.88	50.00	162.46
321.09	28.57	488.65
321.09	64.29	375.09
642.17	64.29	140.35
321.02	28.59	270.66
642.04	28.59	157.83
634.91	64.26	140.13
321.09	28.57	244.87
642.17	28.57	129.08
321.09	82.07	384.44
438.91	0.00	16.66
932.78	0.00	19.59
493.35	57.40	398.32
438.91	0.00	17.50
932.78	0.00	19.15
425.84	77.17	169.11
493.35	0.00	8.62
425.84	66.18	184.46
932.78	50.36	104.90
402.34	10.00	218.64
402.22	55.01	384.04
402.30	77.50	295.57
446.91	0.03	18.57
804.68	10.00	103.29
402.34	76.92	293.02
447.04	0.00	28.59
402.30	52.64	300.54
804.68	55.00	118.42
449.44	0.00	7.77
898.88	0.00	8.69
1348.31	25.00	61.40
449.44	0.00	9.32
898.88	0.00	1.78
1797.57	0.01	7.12
449.35	0.02	9.77
898.88	0.00	3.50
1011.03	43.76	81.38
449.44	0.00	10.21
449.39	50.01	181.55
798.92	55.56	107.92
449.44	0.00	5.42
898.88	0.00	12.89
898.88	50.00	158.19
449.44	0.00	12.29
449.44	50.00	169.32
449.35	75.00	169.92
449.44	0.00	183.75
898.88	0.00	101.22
898.88	50.00	104.07
449.44	0.00	361.75
449.44	50.00	449.86
449.39	75.00	262.57
449.39	0.01	181.99
449.30	50.02	265.49
898.88	50.00	114.85
444.37	0.00	176.50
444.37	50.00	181.96
888.73	50.00	101.61
444.37	0.00	24.81
802.82	9.67	146.60
888.73	50.00	91.80
444.37	0.00	183.36
444.37	50.00	344.16
444.37	75.02	264.52
411.95	9.84	204.06
396.97	55.46	205.97
801.34	55.05	167.83
449.30	0.02	30.72
801.42	10.83	115.24
808.91	55.19	218.97
449.35	0.01	10.13
898.79	0.00	9.84
808.75	55.01	101.40
346.71	22.86	251.86
231.14	74.29	449.67
346.71	80.71	346.21
231.12	48.58	341.20
693.42	22.86	144.51
693.42	61.43	249.95
449.44	0.00	11.83
231.12	74.29	341.46
693.42	61.43	117.45
449.44	0.00	23.07
674.16	25.00	151.85
674.09	62.50	121.06
449.44	0.00	22.99
674.16	25.00	123.18
674.16	62.50	244.33
449.35	0.02	12.45
674.09	25.01	260.67
674.16	62.50	134.22
449.35	0.02	11.27
898.88	0.00	9.53
1797.75	0.00	3.55
449.35	0.02	7.14
898.88	0.00	2.20
1797.75	0.00	3.14
449.44	0.00	5.15
898.88	0.00	6.90
1797.57	0.01	6.67
345.38	44.41	281.97
356.42	52.45	180.64
687.77	60.92	180.56
347.24	0.00	10.53
977.43	0.00	3.38
345.05	80.78	257.79
356.07	0.00	12.65
977.43	0.00	5.76
1380.24	17.92	56.85
449.39	0.01	12.27
898.88	0.00	10.29
1248.44	30.56	73.75
449.44	0.00	157.06
898.88	0.00	6.03
499.38	72.22	221.40
449.44	0.00	8.31
898.88	0.00	7.29
848.77	52.79	96.09
162.40	65.98	292.57
575.24	23.18	209.91
321.47	84.04	176.83
425.65	0.00	16.50
290.30	67.28	471.34
290.10	81.71	392.51
446.31	0.00	21.17
901.86	0.00	12.82
290.10	81.40	472.38
449.44	0.00	17.71
896.26	0.29	97.87
447.00	75.14	264.25
449.44	0.00	185.92
896.26	0.29	90.62
896.44	50.14	91.57
449.44	0.00	17.99
449.02	50.05	283.15
896.17	50.15	107.87
449.30	0.03	19.60
898.88	0.00	5.52
1163.66	35.27	70.94
449.44	0.00	20.64
898.79	0.01	15.68
1017.23	43.42	153.08
449.44	0.00	13.80
898.88	0.00	3.21
1163.66	35.27	80.59
501.82	0.35	210.08
274.48	65.19	456.78
829.08	56.06	107.98
318.10	41.67	262.69
829.08	1.05	185.81
829.08	56.03	114.74
502.15	30.29	213.79
829.08	5.04	98.46
272.80	85.88	563.71
449.44	0.00	16.19
700.04	22.12	117.33
699.22	61.11	172.82
449.44	0.00	6.25
898.79	0.01	5.97
603.79	66.41	128.21
449.39	0.01	12.94
603.79	32.83	130.10
1438.70	19.97	119.25
449.44	0.00	8.95
898.77	0.01	11.13
1321.57	26.49	62.65
449.28	0.03	12.62
898.88	0.00	12.49
237.94	86.76	382.75
237.94	47.06	315.11
237.94	73.53	321.64
237.94	87.14	378.59
449.39	0.01	194.36
449.35	50.01	200.12
898.88	50.00	187.52
449.39	0.01	362.09
449.39	50.00	215.92
449.39	75.00	449.06
449.44	0.00	10.50
449.35	50.01	176.29
898.88	50.00	116.06
482.80	0.00	23.78
284.81	71.07	317.76
720.40	62.55	124.88
286.38	0.00	9.97
720.45	24.80	152.31
720.45	62.55	181.96
245.53	14.28	249.25
720.45	24.80	126.15
720.40	62.55	124.19
449.44	0.00	12.21
898.88	0.00	11.74
795.16	55.77	172.63
449.44	0.00	12.26
898.79	0.01	6.28
1244.47	30.78	66.63
449.44	0.00	108.11
898.70	0.02	7.04
1244.47	30.78	66.27
449.44	0.00	20.92
898.88	0.00	14.78
504.25	71.95	161.27
449.44	0.00	159.46
898.88	0.00	15.63
504.20	71.95	152.67
449.39	0.01	8.45
482.32	46.34	178.47
887.91	50.61	103.07
369.79	0.00	18.77
369.79	53.54	178.66
1405.19	20.84	129.47
369.79	0.00	5.28
1035.41	0.00	6.18
1348.37	22.17	63.59
428.95	0.00	158.87
978.59	0.00	12.14
369.79	78.24	231.69
449.44	0.00	15.42
898.88	0.00	9.70
787.77	56.18	124.20
449.44	0.00	3.67
898.79	0.01	4.81
787.77	56.18	98.88
449.44	0.00	18.57
898.88	0.00	6.26
1563.96	13.00	53.44
449.39	0.01	138.34
823.03	8.44	105.15
386.37	78.51	279.63
449.44	0.00	11.33
566.79	36.94	138.22
386.88	78.48	273.85
449.44	0.00	16.74
897.85	0.11	7.16
1692.18	5.87	36.19
449.39	0.01	18.79
404.49	55.00	304.55
808.99	55.00	121.51
404.49	10.00	202.73
404.45	55.00	192.72
404.45	77.50	296.24
449.30	0.03	20.78
808.99	10.00	103.96
808.99	55.00	128.72
428.15	0.00	34.16
483.88	47.68	189.52
922.65	49.64	165.13
428.15	0.00	173.22
430.78	61.21	165.12
414.98	56.83	189.88
481.25	0.00	10.00
494.50	43.82	180.88
494.50	73.84	153.04
437.91	2.56	190.09
432.15	51.92	450.12
414.87	76.92	468.95
449.44	0.00	179.24
870.07	3.21	96.37
420.63	76.60	193.75
449.44	0.00	18.74
869.98	3.21	96.55
870.07	51.60	104.40
449.44	0.00	85.27
449.44	50.00	186.05
449.39	75.00	168.55
449.34	0.02	13.35
898.88	0.00	89.61
449.44	75.00	243.34
449.44	0.00	175.87
898.88	0.00	11.08
449.44	75.00	176.23
449.44	0.00	9.56
816.11	9.21	113.86
816.11	54.60	100.94
411.62	8.41	189.22
404.49	55.00	204.22
816.11	54.60	100.45
449.44	0.00	10.34
816.11	9.21	124.47
816.03	54.61	115.67
367.69	18.19	234.69
367.69	59.10	339.82
367.69	79.55	220.12
449.44	0.00	21.08
735.44	18.18	113.54
367.72	79.55	337.82
449.35	0.02	11.65
735.44	18.18	125.44
735.44	59.09	124.58
449.44	0.00	46.94
898.78	0.01	34.69
898.88	50.00	106.78
449.44	0.00	17.98
898.70	0.02	22.04
898.88	50.00	105.44
449.44	0.00	55.43
898.88	0.00	32.72
898.78	50.01	92.55
599.24	0.00	35.10
706.15	8.40	123.25
378.11	85.20	196.29
328.04	16.04	220.02
706.15	27.93	109.79
706.15	60.61	120.41
589.22	0.00	35.43
706.15	8.40	127.73
706.15	59.43	124.76
337.41	25.00	467.43
337.41	62.50	250.83
674.83	62.50	242.54
449.44	0.00	11.53
337.41	62.50	270.74
674.75	62.50	133.04
337.34	25.02	457.56
337.41	64.00	582.57
674.75	62.50	160.24
449.44	0.00	9.55
717.56	20.17	128.52
717.64	60.08	113.91
449.30	0.03	21.77
717.71	20.15	129.16
358.82	80.04	335.09
358.78	20.17	231.91
717.56	20.17	148.50
717.71	60.08	156.43
337.08	25.00	250.62
674.16	25.00	135.96
674.16	62.50	133.65
449.44	0.00	36.00
337.01	62.51	348.71
337.01	81.25	240.40
337.08	25.00	242.33
674.16	25.00	122.85
674.09	62.50	135.31
449.44	0.00	36.67
324.37	63.91	264.74
324.37	81.96	367.30
449.39	0.01	25.37
324.31	63.92	366.58
648.55	63.92	225.65
324.37	27.83	486.24
324.37	63.91	370.03
648.75	63.91	125.53
492.09	0.00	12.03
589.87	2.70	97.13
901.77	65.68	204.43
492.09	0.00	122.62
986.80	0.00	5.98
862.23	36.31	36.92
492.09	0.00	59.88
653.34	38.75	160.05
511.75	59.79	121.65
449.44	0.00	10.93
898.88	0.00	4.60
1345.75	25.14	61.90
449.44	0.00	5.21
608.55	32.30	135.78
698.56	61.14	111.42
449.44	0.00	141.27
698.56	22.29	119.09
1417.51	21.15	57.93
449.44	0.00	10.03
898.88	0.00	12.98
1048.69	41.67	78.21
449.44	0.00	6.37
898.88	0.00	12.26
1228.46	31.67	67.44
449.39	0.01	12.49
898.79	0.01	7.69
1048.58	41.67	147.43
449.39	0.01	14.90
898.88	0.00	13.22
1479.95	17.68	61.24
449.44	0.00	9.98
781.72	13.03	100.52
1723.88	4.11	42.33
449.44	0.00	12.54
747.64	16.82	109.95
1479.95	17.68	56.20
442.05	0.00	37.97
442.05	64.24	265.24
441.60	75.00	349.48
442.05	0.00	16.31
441.60	50.00	182.67
442.05	79.16	168.98
442.05	0.00	165.09
441.60	50.00	194.45
441.60	74.82	265.07
449.44	0.00	19.55
786.43	12.51	105.35
612.41	65.93	127.38
449.39	0.01	11.36
781.18	13.09	105.74
1475.24	17.94	63.55
449.30	0.03	134.14
898.83	0.01	62.54
1220.74	32.10	69.85
449.44	0.00	65.14
898.79	0.01	4.94
1797.75	0.00	1.74
449.44	0.00	10.99
898.79	0.01	6.97
1473.89	18.01	70.88
449.44	0.00	8.94
898.88	0.00	4.93
1797.75	0.00	2.37
449.44	0.00	8.05
299.53	66.68	254.91
898.88	50.00	111.35
449.44	0.00	178.99
299.53	66.68	254.91
449.44	75.00	284.90
299.79	33.30	265.93
681.42	24.19	124.30
898.88	50.00	105.12
447.46	0.01	27.29
365.23	59.56	222.82
453.53	74.83	187.98
449.44	0.00	16.40
451.52	49.66	182.11
905.05	49.61	90.72
449.44	0.00	18.69
365.23	59.56	227.36
858.81	52.24	188.21
449.39	0.01	8.44
898.78	0.01	9.73
748.97	58.34	108.20
449.44	0.00	109.94
749.06	16.67	103.85
1797.75	0.00	1.87
449.44	0.00	106.48
748.97	16.68	108.23
1797.75	0.00	4.26
449.39	0.01	17.11
898.88	-0.00	21.26
898.88	50.00	179.79
449.44	0.00	25.92
898.88	-0.00	21.26
898.88	50.00	89.79
449.35	0.02	165.69
898.88	0.00	13.25
449.44	75.00	169.89
449.44	0.00	5.59
898.88	0.00	2.28
1797.75	0.00	1.21
449.44	0.00	7.37
898.88	0.00	6.29
1797.75	0.00	3.33
449.44	0.00	8.26
898.88	0.00	3.49
1797.75	0.00	2.32
480.22	0.00	13.55
572.55	2.74	101.31
972.72	50.31	88.94
480.22	0.00	11.07
865.03	49.42	126.71
1065.69	33.70	62.69
480.22	0.00	89.78
957.36	0.00	5.57
1437.57	25.04	123.39
449.44	0.00	9.11
898.79	0.01	7.28
674.16	62.50	127.61
449.44	0.00	9.21
898.88	0.00	8.52
674.09	62.50	115.11
449.44	0.00	4.65
898.88	0.00	8.69
1797.57	0.01	43.90
442.95	0.00	29.20
885.91	0.00	19.89
442.85	75.01	257.11
442.95	0.00	9.88
885.91	0.00	95.64
442.95	75.00	276.69
442.85	0.02	195.68
885.91	0.00	12.86
885.91	50.00	92.08
449.44	0.00	36.21
678.49	0.00	137.85
904.48	50.01	105.12
449.44	0.00	195.52
898.88	0.00	31.93
452.33	75.00	161.20
449.44	0.00	55.54
898.88	0.00	32.82
904.66	50.00	90.79
449.44	0.00	10.56
898.79	0.01	5.43
1155.58	35.72	77.15
449.44	0.00	3.62
898.79	0.01	6.36
1386.84	22.86	59.68
449.44	0.00	82.82
898.88	0.00	10.31
1361.02	24.29	61.17
381.25	15.15	218.21
748.82	16.68	122.57
748.89	58.33	109.21
449.34	0.00	14.35
748.89	16.67	122.74
748.82	58.34	223.23
449.34	0.00	29.81
748.82	16.68	111.62
367.64	79.55	231.73
449.44	0.00	15.83
898.88	0.00	22.38
898.88	50.00	102.70
449.39	0.01	177.48
898.88	0.00	38.40
449.44	75.00	190.81
449.44	0.00	9.94
898.88	0.00	24.16
898.79	50.01	90.92
511.54	0.00	209.13
1023.08	0.00	28.30
166.35	92.02	317.66
373.68	24.34	290.88
912.79	0.00	40.59
515.21	73.01	293.90
372.76	11.16	305.73
397.58	50.00	368.89
908.20	51.23	204.40
300.96	44.10	253.54
351.38	68.86	158.19
292.01	83.10	433.92
349.95	0.00	31.79
349.95	50.00	149.53
581.45	60.57	364.62
349.95	0.00	154.60
338.29	22.20	240.51
349.95	74.84	315.82
449.44	0.00	124.75
898.88	0.00	3.47
1756.21	2.31	44.48
449.44	0.00	4.09
641.99	28.58	127.41
1133.04	36.97	81.92
449.39	0.01	12.94
898.88	0.00	82.05
1782.65	0.84	34.37
449.44	0.00	139.53
692.15	23.00	127.23
614.67	65.81	125.85
449.44	0.00	132.08
898.88	0.00	6.86
614.67	65.81	254.92
449.44	0.00	145.47
898.88	0.00	18.60
586.69	67.37	129.86
449.21	0.00	180.44
449.21	50.00	180.67
898.41	50.00	107.26
449.21	0.00	16.22
449.21	50.00	181.55
898.14	50.02	101.90
449.21	0.00	11.60
449.12	50.01	170.92
898.23	50.01	149.37
449.44	0.00	8.89
898.88	0.00	9.87
1797.75	0.00	6.64
449.44	0.00	12.33
898.79	0.01	10.63
1348.18	25.01	117.38
449.39	0.01	12.17
898.88	0.00	6.41
1467.28	18.38	56.23
449.44	0.00	19.09
380.85	57.63	408.95
380.85	78.82	320.55
449.44	0.00	20.56
761.70	15.26	120.77
761.63	57.63	107.29
449.44	0.00	32.16
380.85	57.63	322.28
761.70	57.63	107.19
449.44	0.00	15.38
898.88	0.00	1.59
449.39	75.00	168.28
449.44	0.00	169.36
898.88	0.00	6.49
449.39	75.00	176.69
449.44	0.00	10.05
898.79	0.01	10.05
1797.75	0.00	2.99
402.28	5.56	223.13
851.89	5.26	99.56
851.89	53.25	97.36
425.90	5.27	219.44
425.90	52.64	204.15
851.89	53.25	111.50
402.28	5.56	197.95
402.28	54.05	281.19
402.24	76.39	283.84
591.04	0.00	28.04
550.65	27.08	203.46
396.78	75.21	231.89
358.31	0.00	18.23
651.15	0.03	201.09
350.54	86.63	182.84
358.31	0.00	13.14
589.12	36.16	201.62
699.24	50.02	180.79
449.44	0.00	7.58
449.44	50.00	175.93
449.30	75.01	226.85
449.44	0.00	6.83
898.88	0.00	9.98
765.64	57.41	101.08
449.40	0.01	10.86
782.36	12.96	106.76
1797.75	0.00	3.34
449.44	0.00	22.16
679.52	24.40	152.72
462.66	74.26	297.43
449.44	0.00	11.80
679.59	24.40	135.50
679.59	62.20	150.94
449.44	0.00	35.24
679.59	24.40	122.17
679.52	62.20	119.64
449.44	0.00	10.21
898.88	0.00	5.00
577.85	67.86	191.38
449.39	0.01	137.51
898.88	0.00	6.24
1316.21	26.79	111.16
449.44	0.00	10.82
898.88	0.00	4.64
1508.68	16.08	55.46
438.28	0.00	257.46
148.15	85.31	270.01
405.03	77.49	300.06
434.53	0.00	11.38
986.39	0.00	6.75
315.67	76.23	379.09
435.29	0.00	3.16
868.09	13.97	120.80
430.79	75.44	304.83
449.35	0.02	20.98
748.91	16.68	123.87
748.91	58.34	121.18
449.44	0.00	20.34
748.91	16.68	112.04
748.84	58.35	122.21
449.35	0.02	11.40
749.06	16.67	137.03
749.06	58.33	120.89
449.44	0.00	14.48
898.88	0.00	15.76
953.69	46.95	173.91
449.44	0.00	7.71
811.18	9.76	110.72
938.34	47.80	176.20
449.35	0.02	17.00
473.55	47.32	172.53
473.55	73.66	172.68
449.35	0.02	11.19
599.38	33.32	150.57
1347.94	25.02	61.51
449.44	0.00	11.85
898.88	0.00	7.04
1347.18	25.06	124.95
449.39	0.01	10.04
674.16	25.00	114.02
673.78	62.52	115.86
449.44	0.00	9.59
898.88	0.00	6.68
768.78	57.24	106.97
449.39	0.01	5.35
898.79	0.01	5.42
1373.80	23.58	60.32
449.44	0.00	11.79
898.88	0.00	15.02
1371.97	23.68	60.29
494.66	0.00	12.57
989.06	0.00	6.45
905.98	65.42	354.52
510.48	0.00	122.82
494.56	50.00	163.25
687.87	51.74	71.69
494.66	0.00	10.79
590.24	46.38	103.60
577.48	56.05	108.73
371.46	0.00	41.13
668.63	25.00	143.49
668.63	62.50	187.04
445.76	0.00	31.23
668.63	25.00	123.75
668.49	64.01	234.67
445.76	0.00	12.08
891.51	0.00	33.49
668.63	62.50	117.69
449.44	0.00	34.72
449.39	50.01	199.85
898.79	50.00	180.19
449.44	0.00	8.67
898.88	0.00	28.05
898.88	50.00	186.14
449.39	0.01	32.87
898.70	0.02	20.28
449.44	75.00	172.59
449.44	0.00	20.37
787.42	12.40	125.73
787.57	56.19	114.82
449.44	0.00	10.95
787.57	12.38	118.72
787.65	56.19	104.15
404.49	10.00	198.35
787.65	12.37	117.02
383.08	78.69	303.48
384.23	0.00	16.78
436.90	22.81	197.72
748.12	53.27	112.48
384.23	0.00	17.73
314.36	48.09	382.62
374.03	78.25	163.97
366.18	41.06	261.02
374.09	55.42	167.82
311.22	79.98	428.83
449.44	0.00	76.50
898.69	0.02	3.43
1123.60	37.50	70.91
449.44	0.00	8.43
674.03	25.01	118.00
1797.75	0.00	5.43
449.44	0.00	121.54
898.88	0.00	2.75
674.08	62.50	121.49
434.21	3.57	193.21
418.04	55.18	278.93
434.21	75.89	337.15
449.44	0.00	19.10
611.05	34.49	236.75
434.21	75.68	176.16
449.44	0.00	8.23
739.76	14.81	201.89
418.13	77.78	360.94
449.44	0.00	20.92
379.89	57.74	396.36
404.10	77.52	382.28
402.11	10.53	205.04
805.13	10.43	104.37
401.03	77.69	202.43
420.85	6.36	211.21
382.62	57.43	309.03
805.05	55.22	112.74
449.27	0.00	23.10
125.21	85.59	736.52
1104.77	40.00	74.52
449.14	0.03	22.68
132.55	85.25	574.02
132.55	92.65	654.70
132.57	70.49	751.44
898.36	0.02	9.43
905.91	49.59	100.67
449.40	0.00	339.25
449.40	50.00	193.09
454.95	75.00	171.14
449.40	0.00	8.89
449.35	50.01	193.25
449.40	75.00	171.17
449.35	0.01	18.91
898.62	0.02	23.18
898.80	50.00	101.40
449.44	0.00	7.42
898.79	0.01	3.60
786.52	56.25	99.51
449.39	0.01	4.86
898.79	0.01	88.26
1573.03	12.50	82.39
449.44	0.00	3.32
898.70	0.02	3.99
786.36	56.26	186.79
371.70	18.75	227.79
722.98	19.55	127.53
722.91	59.87	132.08
363.53	18.35	227.95
722.98	19.55	115.38
355.36	80.23	339.33
449.31	0.00	21.43
722.98	19.55	127.51
351.24	80.37	227.86
326.09	27.45	252.93
643.32	28.43	142.48
643.32	64.22	159.43
317.23	29.42	260.79
643.32	28.43	142.00
643.32	64.22	141.88
449.44	0.00	24.55
643.19	28.44	183.52
643.13	64.23	193.39
449.44	0.00	25.36
898.88	0.00	23.94
898.70	50.01	108.18
449.44	0.00	15.71
898.88	0.00	15.93
898.88	50.00	103.15
449.39	0.01	16.65
898.70	0.02	18.11
898.88	50.00	104.96
449.44	0.00	16.86
898.88	0.00	53.46
902.41	50.00	90.51
449.44	0.00	25.69
451.25	50.00	190.31
902.50	48.39	89.97
449.44	0.00	172.74
394.84	56.25	217.07
902.41	50.01	90.62
449.44	0.00	10.21
898.88	0.00	3.45
1797.75	0.00	2.70
449.44	0.00	65.03
898.88	0.00	6.39
1348.31	25.00	68.38
449.44	0.00	8.07
898.79	0.01	4.85
1797.75	0.00	4.26
449.44	0.00	18.24
484.67	46.08	277.47
431.82	75.98	395.46
440.63	1.96	202.53
872.45	2.94	96.13
872.45	51.47	93.86
449.35	0.02	10.45
872.45	2.94	96.76
458.25	74.51	185.52
449.44	0.00	49.34
898.70	0.02	17.56
898.88	50.00	106.77
449.44	0.00	48.45
898.88	-0.00	20.63
449.39	75.00	270.70
349.56	22.22	226.19
349.56	61.11	236.38
449.44	75.00	171.22
337.01	25.01	241.08
720.97	19.79	127.93
720.90	59.90	134.27
449.44	0.00	10.65
337.08	62.50	230.22
720.97	59.90	148.89
449.39	0.01	11.74
720.83	19.81	128.31
720.90	59.90	113.22
449.44	-0.00	19.26
767.94	14.57	108.39
342.67	80.94	333.81
449.44	-0.00	21.09
733.67	18.38	234.07
767.78	57.29	106.28
449.39	0.01	19.54
425.26	52.69	400.64
342.67	80.94	408.38
449.39	0.01	148.44
505.62	43.75	297.65
1011.03	43.76	90.15
449.44	0.00	8.04
505.57	43.76	156.93
561.80	68.75	218.79
449.44	0.00	15.79
505.62	43.75	296.48
505.62	71.88	245.63
449.44	0.00	26.43
299.25	66.71	286.32
299.25	83.35	357.06
449.44	0.00	20.82
898.88	0.00	33.86
898.79	50.00	90.73
300.38	33.16	264.06
898.88	0.00	34.98
898.70	50.01	91.55
449.44	0.00	10.13
674.16	25.00	119.90
898.79	50.00	159.77
449.39	0.01	4.66
898.88	0.00	9.79
1348.31	25.00	60.92
449.44	0.00	12.80
898.88	0.00	7.00
674.09	62.50	122.29
447.07	0.02	185.46
894.32	0.00	53.41
447.16	75.00	206.80
447.16	0.00	26.24
894.14	0.02	46.12
447.16	75.00	181.16
447.12	0.01	172.73
447.07	50.01	171.85
447.16	75.00	181.27
449.44	0.00	10.19
475.70	47.08	170.50
1792.70	0.28	25.43
449.44	0.00	8.03
898.88	0.00	4.79
1797.57	0.01	11.55
449.44	0.00	169.45
888.78	1.12	103.35
894.75	50.23	95.63
556.56	0.00	2.51
435.24	39.89	176.25
556.56	57.37	160.88
556.56	0.00	162.81
1057.00	0.00	17.28
556.56	74.97	304.91
489.12	0.00	152.34
719.70	0.00	8.53
1056.91	50.00	114.74
449.35	0.02	17.65
417.92	53.51	194.84
886.65	50.68	102.69
448.74	0.16	347.48
886.74	1.35	94.09
886.56	50.68	92.46
419.36	6.69	194.65
437.94	51.28	345.52
545.13	69.68	260.26
449.39	0.01	22.14
898.79	0.01	22.45
706.91	60.68	218.76
449.44	0.00	16.73
898.88	0.00	8.01
639.15	64.45	119.89
449.44	0.00	19.82
898.79	0.01	9.76
639.15	64.45	131.08
370.27	17.65	223.72
740.47	17.66	145.06
714.10	59.70	110.90
449.44	0.00	21.46
713.96	20.60	113.44
343.82	79.37	323.85
370.27	17.65	425.01
740.47	17.66	113.94
740.47	59.42	122.75
449.44	0.00	23.02
674.09	25.01	136.47
674.16	62.50	121.09
449.44	0.00	34.38
674.16	25.00	122.51
674.16	62.50	120.21
449.35	0.02	24.56
674.16	25.00	138.07
674.02	62.51	243.22
449.44	0.00	7.72
873.62	2.81	94.94
873.44	51.41	106.15
449.44	0.00	8.71
873.62	2.81	95.41
873.53	51.41	93.48
436.81	2.81	199.23
436.81	51.41	188.40
873.53	51.41	127.63
449.39	0.01	34.76
269.66	70.00	292.68
808.99	55.00	119.96
269.61	40.01	304.57
808.99	10.00	103.85
808.99	55.00	202.16
269.66	40.00	297.13
404.49	55.00	213.69
404.49	77.50	293.17
449.39	0.01	12.80
898.88	0.00	7.34
738.02	58.95	184.96
449.44	0.00	4.77
738.02	17.89	178.75
1049.56	41.62	80.22
449.44	0.00	5.76
898.88	0.00	3.86
1583.61	11.91	65.53
416.73	0.00	9.94
1063.40	0.00	88.84
359.25	78.01	300.17
359.34	0.00	120.96
646.65	11.36	332.19
1721.72	14.91	99.49
359.34	0.00	286.40
1003.59	22.29	206.05
1664.54	50.08	154.34
449.44	0.00	21.66
730.26	18.76	139.37
365.17	79.69	329.82
449.44	0.00	22.35
730.34	18.75	114.36
365.17	79.69	328.46
369.57	17.77	437.12
359.22	60.04	425.98
730.34	59.38	123.62
389.97	13.23	222.55
791.28	11.97	116.33
387.49	78.45	300.01
401.27	10.72	197.11
791.28	11.97	105.09
395.64	77.99	299.94
403.79	10.16	208.96
791.20	11.98	105.13
395.60	77.99	298.97
449.44	0.00	16.57
449.39	50.01	182.23
898.88	50.00	116.98
449.44	0.00	26.00
898.79	0.01	20.26
898.88	50.00	91.09
449.44	0.00	23.29
449.39	50.01	193.80
898.88	50.00	101.13
449.44	0.00	25.18
606.53	32.52	163.79
606.53	66.26	163.26
449.44	0.00	26.07
606.53	32.52	136.28
606.53	66.26	148.51
449.44	0.00	37.23
606.47	32.53	136.95
606.53	66.26	162.64
449.44	0.00	28.90
398.01	55.72	311.37
398.01	77.86	312.76
398.01	11.44	221.45
662.35	26.31	233.30
397.97	77.86	305.07
449.44	0.00	30.55
795.86	11.46	105.44
736.32	59.04	235.58
427.44	8.14	226.71
245.72	72.75	195.15
425.97	77.97	218.80
425.93	1.76	219.14
671.63	5.54	110.79
427.44	72.34	223.97
427.49	0.00	22.36
853.41	18.27	158.75
245.70	84.17	297.48
449.44	0.00	7.89
449.44	50.00	245.09
832.13	53.71	270.35
449.44	0.00	162.02
449.44	50.00	351.69
449.39	75.00	343.17
449.39	0.01	15.50
898.79	0.01	21.96
898.88	50.00	90.30
449.35	0.01	93.17
898.78	0.00	13.88
901.56	49.53	143.03
449.39	0.00	9.80
898.78	0.00	5.37
632.41	64.27	132.00
449.39	0.00	121.11
898.78	0.00	6.10
629.70	64.86	121.07
449.44	0.00	145.29
450.09	50.01	186.15
450.19	75.00	179.35
449.44	0.00	17.95
898.88	0.00	24.65
900.19	50.01	183.46
449.44	0.00	18.84
450.19	50.00	198.39
450.19	75.68	316.76
449.39	0.01	178.23
898.79	0.01	19.25
449.44	75.00	258.84
449.44	0.00	7.79
898.88	0.00	21.98
449.44	75.00	266.16
449.44	0.00	8.68
449.44	50.00	263.04
898.88	50.00	146.68
449.44	0.00	10.06
577.85	35.71	147.10
1348.44	24.99	61.05
449.44	0.00	4.86
577.85	35.71	135.68
577.85	67.86	204.41
449.38	0.01	5.18
577.85	35.71	140.90
577.79	67.86	197.56
436.71	0.00	194.60
873.69	0.00	36.10
223.44	87.71	350.35
579.07	0.00	185.75
222.08	72.27	290.30
436.71	75.00	195.63
257.60	41.20	231.49
873.69	0.00	25.88
294.61	79.76	142.33
364.57	0.00	20.01
631.11	33.70	437.16
364.03	60.91	409.20
364.57	0.00	29.07
361.87	72.03	228.71
726.35	59.73	100.11
362.32	0.62	223.08
364.12	64.38	199.86
364.03	79.09	296.22
449.44	0.00	177.84
449.44	50.00	280.08
898.88	50.00	100.58
449.44	0.00	9.45
449.30	50.01	196.19
449.44	75.00	274.05
449.35	0.02	105.82
449.44	50.00	182.63
898.88	50.00	103.16
449.44	0.00	18.21
433.22	51.80	360.22
866.44	51.80	124.71
433.17	3.62	190.45
866.35	3.62	113.54
866.44	51.80	120.13
449.44	0.00	10.04
433.22	51.80	180.25
866.35	51.81	104.94
449.39	0.01	11.62
652.34	27.43	120.18
693.34	61.43	170.70
449.44	-0.00	17.61
630.57	29.85	123.87
693.34	61.43	124.44
449.44	-0.00	12.59
898.79	0.01	14.21
1142.77	36.43	134.51
449.44	0.00	19.20
846.28	5.85	99.51
846.28	52.93	107.87
449.44	0.00	20.09
846.37	5.84	99.92
423.18	76.46	202.48
449.39	0.01	20.98
846.20	5.86	100.17
423.10	76.47	181.71
449.44	0.00	21.40
726.49	19.18	126.73
726.63	59.58	131.03
449.44	0.00	20.95
362.65	59.66	328.26
726.63	59.58	112.34
363.99	19.01	434.55
726.56	19.17	138.76
362.65	79.83	322.75
449.44	0.00	6.00
459.65	48.86	175.88
929.52	48.30	89.72
449.44	0.00	9.65
459.56	48.87	256.07
1797.57	0.01	6.26
449.44	0.00	3.17
898.88	0.00	5.32
1797.75	0.00	3.02
449.44	0.00	19.06
269.66	70.00	572.87
269.64	85.00	291.89
404.45	10.01	398.55
808.83	10.02	102.64
404.49	77.50	304.98
269.64	40.01	484.05
404.49	55.00	305.93
808.99	55.00	101.09
449.44	0.00	8.74
771.42	14.18	112.75
603.72	66.42	135.55
449.39	0.01	132.40
898.88	0.00	10.89
603.72	66.42	201.71
449.44	0.00	19.98
898.88	0.00	5.73
623.85	65.30	199.12
449.44	0.00	20.88
728.08	19.00	239.17
379.54	78.89	326.34
379.54	15.55	206.31
759.00	15.56	110.57
379.54	78.89	308.69
449.44	0.00	21.47
759.08	15.55	110.22
379.54	78.89	422.99
376.55	16.22	391.37
374.07	58.38	318.42
460.55	74.38	272.20
413.92	7.90	374.77
837.11	6.87	99.72
837.02	53.44	111.63
449.44	0.00	19.82
421.53	53.10	374.90
837.02	53.44	113.28
449.39	0.01	18.36
449.44	50.00	184.66
449.44	75.00	342.14
449.30	0.03	10.34
898.88	0.00	24.01
449.44	75.00	266.28
449.39	0.01	173.91
898.88	0.00	5.05
449.44	75.00	262.00
449.44	0.00	7.91
898.88	0.00	8.12
790.39	56.03	98.30
449.44	0.00	7.71
898.79	0.01	10.60
790.39	56.03	181.63
449.44	0.00	3.71
898.88	0.00	15.89
1797.75	0.00	4.72
404.27	0.23	220.48
144.93	73.07	597.71
144.19	91.17	595.42
428.23	0.00	10.18
812.96	2.87	106.97
812.96	54.07	104.83
259.16	11.77	757.98
812.96	0.68	119.31
282.19	82.96	518.00
449.44	0.00	4.92
898.88	0.00	1.59
1797.57	0.01	2.58
449.44	0.00	7.46
898.70	0.02	3.69
1797.75	0.00	2.87
449.44	0.00	4.03
898.88	0.00	2.63
1797.57	0.01	8.42
373.07	0.00	7.48
447.09	41.02	182.07
685.87	38.77	127.98
385.00	0.00	51.21
746.51	0.00	6.48
445.18	75.58	112.69
373.07	0.00	9.40
805.75	0.00	4.64
1044.51	39.72	154.90
449.44	0.00	23.93
898.88	-0.00	177.92
898.88	50.00	115.34
367.61	18.21	382.12
898.70	0.02	92.43
367.72	79.55	219.24
449.44	0.00	8.83
898.88	-0.00	100.08
449.44	75.00	181.02
377.02	0.00	28.80
565.91	26.94	155.30
415.62	81.10	277.44
365.08	9.67	246.95
780.95	0.00	12.95
402.58	83.45	371.86
430.01	0.00	15.18
707.11	35.84	145.68
234.48	88.10	216.82
449.39	0.01	20.62
385.16	57.15	213.11
385.23	78.57	311.84
449.44	0.00	22.82
770.31	14.30	109.03
770.39	57.15	143.39
449.44	0.00	22.18
770.47	14.29	108.86
770.47	57.14	106.15
449.35	0.02	156.81
505.62	43.75	162.09
955.06	46.88	85.28
449.39	0.01	162.42
842.70	6.25	108.77
505.57	71.88	247.97
449.44	0.00	21.66
898.88	0.00	7.75
1011.24	43.75	80.39
449.44	0.00	30.27
316.87	64.75	362.20
397.29	77.90	384.27
449.39	0.01	29.92
397.25	55.81	300.82
432.45	75.94	287.81
449.39	0.01	20.03
794.59	11.60	105.49
316.90	82.37	347.44
449.35	0.02	9.86
898.88	0.00	17.01
1123.60	16.67	130.65
449.44	0.00	7.82
898.88	0.00	9.82
1348.31	25.00	82.62
449.44	0.00	14.62
674.16	25.00	113.22
674.16	62.50	122.26
412.45	0.00	10.61
606.98	47.49	252.35
239.54	87.81	273.43
592.56	0.00	135.95
832.09	0.00	13.44
1661.04	0.45	47.64
412.45	0.00	5.39
636.08	22.89	128.08
585.35	64.54	194.96
449.44	0.00	8.73
898.88	0.00	9.23
1797.75	0.00	16.97
449.44	0.00	4.64
898.88	0.00	81.59
449.44	75.00	184.68
449.44	0.00	1.71
898.88	0.00	6.42
449.44	75.00	260.25
449.44	0.00	6.53
898.79	0.01	5.34
1797.75	0.00	2.97
449.44	0.00	71.70
898.88	0.00	10.23
1126.29	37.35	68.90
449.44	0.00	1.31
898.88	0.00	6.29
1092.65	39.22	70.49
303.13	3.08	219.88
670.09	27.24	109.05
320.40	79.51	280.08
359.33	0.00	17.79
311.14	76.89	295.46
901.35	51.61	181.02
553.60	0.00	11.37
901.35	5.11	110.91
590.21	65.08	203.51
252.45	43.75	328.32
252.45	71.88	624.71
757.35	58.14	120.35
252.37	43.77	317.71
378.68	57.81	231.12
743.18	58.28	120.49
364.65	16.13	210.81
378.68	57.81	220.35
757.27	58.14	120.41
548.57	0.00	18.53
872.62	4.90	105.42
280.47	82.31	356.67
367.34	0.00	10.21
872.62	4.90	136.15
872.62	56.69	144.11
368.79	0.00	13.56
321.96	76.06	241.29
270.52	80.27	282.25
252.81	43.75	322.39
379.21	57.81	319.98
252.78	85.94	721.37
252.78	43.76	516.92
252.81	71.88	422.31
758.35	57.82	143.49
449.44	0.00	21.07
252.78	71.88	406.11
758.35	57.82	122.88
449.30	0.03	28.44
898.88	0.00	19.51
449.35	75.00	171.74
449.44	0.00	24.45
898.61	0.03	112.26
898.88	50.00	91.50
449.44	0.00	15.88
898.88	0.00	21.74
449.39	75.00	277.64
248.61	48.04	222.73
679.61	25.43	150.76
679.61	62.07	150.18
431.06	31.64	481.02
679.61	22.81	140.94
679.61	58.52	136.46
440.50	0.00	12.47
241.25	72.61	230.00
679.61	57.70	124.48
401.78	10.60	401.71
794.89	11.57	116.00
794.89	55.78	113.90
388.59	13.54	213.67
794.89	11.57	116.00
794.81	55.79	102.53
404.49	10.00	209.58
393.03	56.28	199.10
390.40	78.28	196.45
581.99	0.00	18.40
318.55	36.00	266.91
951.61	43.72	120.82
316.53	44.68	270.92
951.61	0.00	10.88
951.61	50.00	102.50
316.53	45.46	255.99
369.62	50.00	176.35
951.61	50.00	91.39
449.30	0.03	20.12
795.50	11.50	105.89
795.34	55.76	114.10
449.44	0.00	10.23
795.50	11.50	128.45
795.34	55.76	114.33
449.44	0.00	11.12
795.34	11.52	117.89
795.42	55.76	102.98
449.39	0.01	11.23
898.88	0.00	5.63
1348.31	25.00	123.93
449.44	0.00	5.11
898.88	0.00	11.65
674.09	62.50	121.51
449.44	0.00	12.29
674.16	25.00	126.42
1348.18	25.01	126.67
449.44	-0.00	185.42
449.44	50.00	195.29
449.39	75.00	339.59
449.30	0.03	17.55
449.39	50.01	181.53
898.79	50.00	100.15
449.44	0.00	10.28
449.44	50.00	183.45
898.88	50.00	102.56
449.44	0.00	86.24
898.69	0.02	8.91
577.85	67.86	138.91
449.34	0.02	5.74
898.88	0.00	2.33
1155.70	35.71	75.75
449.44	0.00	11.22
577.85	35.71	141.59
963.08	46.43	82.06
449.44	0.00	22.85
233.99	73.97	465.08
674.04	62.51	134.02
234.76	47.77	326.22
674.11	25.01	135.46
673.97	62.51	146.83
449.44	0.00	24.37
674.11	25.01	122.70
674.11	62.50	133.60
431.76	0.03	65.77
863.69	0.01	67.12
431.89	75.68	197.16
431.76	0.03	88.08
863.61	0.02	57.82
767.80	58.97	111.58
431.89	0.00	6.91
431.89	50.00	230.44
863.78	51.35	195.05
366.74	18.18	222.41
733.48	18.18	112.51
733.48	60.00	224.11
448.24	0.00	21.30
774.23	17.39	113.40
733.41	59.10	154.10
366.74	18.18	219.60
366.63	59.10	328.05
366.74	79.55	220.91
419.87	0.00	198.67
362.42	50.77	320.49
361.98	76.16	307.32
361.98	0.13	212.21
362.05	59.57	212.98
361.98	75.63	301.91
362.05	44.44	206.66
419.87	46.34	280.57
1013.51	57.36	123.55
474.96	0.00	25.12
569.32	40.07	146.93
949.92	58.33	102.18
474.96	0.00	192.26
949.92	0.00	10.22
949.92	50.00	92.05
474.96	0.00	17.56
493.20	3.80	133.49
474.96	77.52	260.76
430.57	0.00	19.07
234.88	66.68	265.08
892.69	44.17	111.23
430.57	0.00	19.98
235.12	78.23	334.07
892.69	50.00	184.43
462.12	0.00	9.53
234.88	54.60	264.91
892.69	50.00	96.32
449.44	0.00	18.92
418.28	53.47	186.09
418.23	76.74	280.87
449.44	0.00	9.96
836.47	6.94	99.36
415.75	76.87	285.22
420.76	6.38	194.97
836.38	6.95	123.67
836.55	53.47	108.21
449.44	0.00	4.84
642.05	28.57	142.87
578.79	67.80	231.97
449.44	0.00	5.01
898.79	0.01	12.01
638.21	64.50	182.20
449.35	0.02	104.35
574.02	36.14	142.23
1310.42	27.11	63.17
449.39	0.01	17.30
449.39	50.00	360.51
449.44	75.00	181.01
449.44	0.00	17.97
898.88	0.00	32.55
449.39	75.00	271.61
449.39	0.01	18.98
449.44	50.00	224.35
449.44	75.00	214.46
461.81	0.00	14.79
926.57	0.00	14.66
477.18	72.42	235.80
464.76	0.00	4.09
926.57	0.00	16.66
926.57	50.00	91.74
464.76	0.00	6.03
464.76	64.14	177.20
461.81	58.56	171.66
336.56	25.00	257.43
336.53	62.50	350.89
672.99	62.51	133.48
336.53	25.01	240.19
673.13	25.00	122.75
673.13	62.50	120.99
448.75	0.00	35.06
336.56	62.50	356.43
673.06	62.50	133.76
385.23	14.29	208.91
770.47	14.29	119.70
770.47	57.14	106.22
385.23	14.29	206.05
770.47	14.29	108.34
385.16	78.58	304.67
385.23	14.29	227.70
385.23	57.14	311.24
385.23	78.57	346.97
417.73	0.00	19.48
809.55	0.32	104.76
404.78	79.84	293.80
404.78	0.00	10.19
404.78	50.03	306.26
809.55	58.61	129.75
404.78	3.10	201.96
404.78	63.88	292.72
809.55	51.94	102.56
341.60	0.00	129.03
341.16	55.06	285.85
616.27	78.28	286.03
342.03	0.00	14.70
628.16	0.00	128.74
959.20	47.74	88.28
614.52	0.00	26.43
670.45	0.00	127.51
967.84	39.27	99.21
449.44	0.00	9.43
803.17	10.65	101.80
1548.97	13.84	58.01
449.44	0.00	5.83
898.88	0.00	7.03
784.13	56.38	99.12
449.44	0.00	5.04
898.70	0.02	10.26
1663.88	7.45	48.92
665.25	0.01	231.14
369.67	50.16	322.24
665.25	77.59	221.93
371.94	3.08	195.17
751.07	7.57	112.98
1034.92	57.37	122.95
369.67	0.03	217.07
369.67	54.38	313.10
751.07	59.82	111.94
449.35	0.02	17.85
774.97	13.78	131.44
774.89	56.90	153.55
449.44	0.00	10.06
774.97	13.78	107.83
774.97	56.89	116.82
449.44	0.00	20.22
387.48	56.89	201.18
387.48	78.45	314.02
449.44	0.00	117.71
724.40	19.41	118.68
724.40	59.71	195.83
449.39	0.01	6.63
898.88	0.00	6.07
1173.84	34.71	70.48
449.44	0.00	112.42
898.88	0.00	7.29
1173.84	34.71	70.22
449.44	0.00	35.83
642.23	28.55	142.52
642.23	64.28	147.35
321.15	28.54	254.97
642.30	28.54	142.40
642.30	64.27	126.31
449.44	0.00	12.66
321.15	64.27	382.85
642.30	64.27	140.19
408.67	0.00	17.38
477.43	46.60	181.73
350.55	89.88	440.32
419.32	0.53	310.58
346.65	69.01	452.82
417.54	78.70	252.11
408.67	40.39	169.98
348.77	68.97	501.39
826.21	51.70	129.16
448.64	0.00	89.81
897.28	0.00	9.34
944.51	47.71	98.76
448.64	0.00	4.94
897.28	0.00	10.80
1393.15	22.37	69.04
448.64	0.00	6.10
897.10	0.02	6.54
1393.01	22.38	59.56
260.62	2.71	237.48
883.75	0.00	72.83
883.75	50.00	185.21
441.87	0.00	8.35
441.87	37.25	184.32
224.73	87.13	266.98
441.87	0.00	8.68
262.18	62.76	263.80
224.68	87.72	268.02
336.70	25.00	238.78
692.11	26.00	122.34
692.11	62.24	119.69
449.44	0.02	34.71
673.41	25.00	160.06
336.70	81.25	227.05
448.94	0.00	11.66
692.11	24.49	135.10
692.04	62.63	223.89
451.40	0.00	18.44
902.80	0.00	22.83
451.40	75.00	266.81
451.40	0.00	18.40
902.80	0.00	35.27
902.80	50.00	102.45
451.40	0.00	19.37
902.80	0.00	24.42
451.40	75.00	266.83
676.87	0.00	22.48
376.03	53.85	217.28
376.03	79.97	310.99
376.51	0.00	10.72
752.05	7.46	132.70
740.02	58.56	224.41
376.03	0.64	236.12
376.03	64.37	315.03
752.05	59.78	120.74
278.96	37.93	285.57
836.88	6.90	123.59
278.96	84.48	384.07
449.44	0.00	9.71
836.88	6.90	99.83
836.88	53.45	194.74
278.96	37.93	275.83
836.88	6.90	109.52
836.80	53.45	112.48
449.44	0.00	6.70
898.88	0.00	1.59
1797.75	0.00	2.31
449.44	0.00	3.81
898.88	0.00	8.86
1797.75	0.00	10.96
449.35	0.02	5.81
898.88	0.00	3.37
1797.75	0.00	7.40
449.35	0.02	17.34
898.88	-0.00	19.54
449.44	75.00	279.96
449.39	0.01	18.36
898.88	-0.00	20.43
449.30	75.01	275.10
449.44	0.00	8.31
288.90	67.86	287.37
288.92	83.93	276.75
410.16	8.74	204.55
296.14	67.05	560.48
820.33	54.37	110.50
410.16	8.74	204.97
820.25	8.75	102.47
296.11	83.53	359.89
410.16	8.74	205.90
820.33	8.74	123.73
763.55	57.53	211.08
426.46	0.00	14.73
439.56	46.60	265.67
767.29	70.17	151.06
425.91	0.00	91.68
439.65	50.12	146.07
497.33	57.08	199.55
425.91	0.00	8.26
851.93	0.00	7.99
780.84	70.01	128.15
449.35	0.02	9.57
898.88	0.00	12.40
608.06	66.18	130.42
449.44	0.00	125.79
608.06	32.35	127.13
1797.75	0.00	4.84
449.44	0.00	3.61
898.70	0.02	5.07
1692.00	5.88	94.56
300.43	0.00	73.25
258.37	66.20	267.87
250.31	85.33	370.34
492.90	0.00	9.61
953.77	0.00	5.08
959.85	61.55	180.65
250.93	45.55	279.49
913.66	0.87	106.83
1113.68	37.31	115.28
346.16	22.98	249.49
686.33	23.65	136.82
342.69	80.94	575.96
449.44	0.00	22.92
343.10	61.83	226.33
340.17	81.08	344.77
343.16	23.65	230.37
343.64	61.77	351.85
642.32	64.27	260.90
562.56	0.00	9.89
552.73	6.90	202.45
316.90	86.75	183.85
316.90	0.00	14.62
1115.69	0.00	12.36
840.10	61.65	155.55
554.70	0.00	100.30
316.90	46.13	181.22
828.43	57.78	99.93
449.44	0.00	19.07
852.64	5.14	143.27
852.72	52.57	107.75
437.34	2.69	180.74
852.72	5.13	109.06
415.38	76.89	185.10
449.44	0.00	10.41
852.72	5.13	113.91
852.64	52.57	96.32
449.39	0.01	33.34
449.39	50.00	184.43
449.44	75.00	265.22
449.44	0.00	257.90
898.88	0.00	27.44
449.44	75.00	292.26
449.44	0.00	9.29
898.79	0.01	29.65
898.88	50.00	166.89
449.44	-0.00	15.99
500.40	44.33	156.17
750.76	58.24	183.82
449.39	0.01	11.88
898.70	0.02	4.92
500.40	72.17	279.78
444.64	1.07	171.31
436.12	51.48	174.82
432.84	75.92	174.52
330.52	35.08	165.42
769.28	4.63	103.20
769.28	56.30	104.10
258.88	12.38	264.95
258.88	64.81	514.90
223.21	88.18	563.48
474.67	0.00	29.64
436.94	60.35	406.41
438.76	71.56	307.90
449.44	0.01	336.35
451.71	50.00	194.82
903.42	50.00	184.53
449.44	0.00	178.80
451.71	50.00	180.37
451.71	75.00	179.78
449.44	0.00	15.79
898.88	0.00	11.38
903.27	50.01	187.33
276.55	33.34	294.86
898.88	0.00	11.87
1140.88	36.54	80.96
276.58	33.33	281.97
898.88	0.00	14.37
1140.88	36.54	72.64
449.44	0.00	5.59
898.88	0.00	19.49
829.73	53.85	171.35
449.35	0.02	21.41
649.06	27.79	260.32
748.99	58.34	136.34
449.44	0.00	10.55
749.06	16.67	111.41
749.06	58.33	108.64
449.35	0.02	22.70
748.99	16.68	128.36
749.06	58.33	109.62
404.31	10.00	202.65
404.27	55.00	300.18
404.31	77.50	291.40
404.31	10.00	203.75
404.27	55.00	214.33
404.27	78.57	383.39
404.31	10.00	394.78
404.23	55.01	204.14
808.54	56.10	100.67
449.39	0.01	3.16
898.88	0.00	4.96
1348.31	25.00	61.04
449.44	0.00	6.74
898.88	0.00	17.88
1346.94	25.08	61.68
449.44	0.00	10.27
898.88	0.00	4.51
898.88	50.00	159.39
449.44	0.00	14.98
898.88	0.00	7.72
1128.07	37.25	130.16
449.44	0.00	8.20
898.88	0.00	9.51
788.81	56.12	104.29
449.44	0.00	2.78
898.70	0.02	3.40
1137.35	36.73	68.83
385.13	14.29	216.62
748.72	14.65	120.63
385.09	78.83	312.19
449.32	0.00	21.66
385.13	57.14	214.25
385.09	78.57	328.31
385.02	14.31	416.54
748.79	14.64	121.13
748.87	57.83	106.98
415.06	7.65	197.90
821.62	8.60	218.00
406.55	77.39	189.31
423.82	5.70	193.19
821.62	8.60	102.70
821.62	54.30	124.79
449.44	0.00	19.73
422.28	53.02	285.89
821.45	54.31	111.65
429.42	0.02	194.94
750.63	1.62	108.88
750.63	58.80	118.02
368.33	14.26	405.68
380.39	72.02	295.09
370.97	78.16	604.46
368.71	0.13	214.46
750.63	7.56	129.49
750.63	59.85	120.90
449.44	0.00	4.55
898.88	0.00	11.81
1797.75	0.00	46.46
449.44	0.00	3.27
898.88	0.00	11.54
808.99	55.00	100.41
449.44	0.00	3.55
898.88	0.00	48.38
808.91	55.00	145.66
447.19	0.00	18.26
447.19	50.00	184.45
447.19	79.17	261.15
447.19	0.00	18.04
447.19	50.00	346.57
447.19	75.01	261.48
447.19	0.00	170.23
894.39	0.00	29.74
447.19	81.04	341.00
347.35	0.00	13.81
256.14	71.50	295.51
897.52	49.06	167.48
550.17	0.00	175.30
344.99	52.64	239.44
897.52	43.87	80.24
296.38	42.69	227.78
347.35	50.00	174.57
897.52	50.19	79.08
409.74	0.00	20.24
409.63	53.73	205.53
819.26	51.94	217.47
409.74	0.00	8.38
409.63	53.68	203.96
830.25	58.53	101.83
422.74	0.00	10.32
819.26	28.73	107.50
819.26	52.00	202.43
449.44	0.00	20.23
377.04	58.05	322.60
795.56	55.75	139.58
397.78	11.49	199.60
795.56	11.49	116.28
795.56	55.75	127.61
397.78	11.49	210.02
795.40	11.51	138.29
795.56	55.75	103.02
449.44	0.00	15.94
449.44	50.00	487.39
470.25	73.84	184.89
449.30	0.03	17.18
898.88	0.00	8.54
465.07	74.13	166.20
449.35	0.02	7.19
501.60	44.20	175.39
491.15	72.68	245.18
449.39	0.01	19.86
257.06	71.40	425.74
385.59	78.55	416.18
449.44	0.00	21.41
256.98	71.41	511.12
770.95	57.12	180.84
257.06	42.80	318.62
771.03	14.22	108.75
385.59	78.55	199.48
449.39	0.01	43.76
516.78	42.51	175.51
516.78	71.25	180.97
449.39	0.01	14.93
516.78	42.51	192.94
516.78	71.25	173.94
449.44	0.00	29.75
258.39	71.25	475.92
258.39	85.63	468.47
458.78	5.13	215.21
284.43	69.98	668.90
510.27	70.59	149.89
229.02	52.75	222.79
161.64	81.48	378.96
814.51	57.85	211.16
484.50	0.00	19.31
814.51	15.53	112.85
814.51	55.59	99.19
359.55	20.00	232.43
719.10	20.00	115.65
718.96	60.01	150.06
359.55	20.00	222.00
719.10	20.00	127.40
719.10	60.00	137.46
449.44	0.00	22.20
719.10	20.00	127.70
719.03	60.00	130.91
449.30	0.03	14.38
898.88	0.00	6.51
675.58	62.42	216.27
449.44	0.00	5.54
898.88	0.00	7.67
898.88	50.00	110.87
449.44	0.00	22.45
898.88	0.00	8.56
898.88	50.00	90.19
449.35	0.02	14.13
562.99	37.37	149.57
1271.21	29.29	122.87
449.39	0.01	144.22
676.54	24.74	120.68
674.91	62.46	174.62
449.44	0.00	138.82
898.79	0.01	4.64
1657.55	7.80	42.21
363.88	0.64	216.22
365.74	53.57	215.36
729.62	52.00	117.08
656.49	0.00	11.39
729.62	0.32	109.73
729.62	52.00	123.90
656.49	0.00	12.35
729.62	1.58	130.40
729.62	59.71	103.04
241.87	45.32	470.43
739.42	17.06	123.91
739.49	58.85	134.16
449.22	0.00	19.93
739.49	17.05	123.47
248.80	86.21	585.17
449.22	0.00	11.08
739.34	17.71	112.79
248.78	86.16	424.06
473.73	0.00	15.80
473.73	25.00	179.55
631.63	50.59	70.52
473.73	0.00	17.50
473.73	25.00	167.63
947.45	37.52	90.29
473.73	0.00	18.38
473.73	50.00	211.20
473.73	75.00	321.62
449.44	0.00	20.90
731.81	18.59	114.17
731.81	59.29	132.38
449.39	0.01	22.08
731.81	18.59	126.13
731.73	59.30	244.47
449.39	0.01	23.10
731.81	18.59	126.34
731.81	59.29	141.89
449.39	0.00	241.72
898.78	0.00	4.64
1423.73	20.88	66.88
449.30	0.02	6.13
898.78	0.00	2.33
787.34	56.30	100.57
449.39	0.00	9.52
560.68	37.75	146.06
1797.55	0.00	4.73
456.73	0.00	22.07
735.20	17.29	130.92
154.90	92.11	319.19
427.03	23.17	245.08
308.17	59.83	347.77
302.82	83.76	571.86
426.87	5.72	254.34
278.30	78.33	542.64
576.38	73.90	314.34
309.96	30.77	253.64
895.43	0.00	16.97
309.96	82.69	333.38
309.96	30.77	255.13
826.47	7.70	99.81
826.55	53.85	190.91
447.67	0.01	13.67
895.34	0.01	17.62
929.87	48.08	98.64
263.17	41.44	301.63
263.20	70.72	500.26
789.52	56.08	212.22
263.17	41.44	303.30
449.44	50.00	291.21
394.72	78.04	194.82
403.94	10.12	219.71
789.60	12.16	117.54
385.66	78.55	301.32
339.95	0.11	257.08
531.26	51.56	179.61
359.47	79.63	98.89
536.96	0.00	13.19
527.89	32.78	186.05
527.52	66.76	275.93
302.44	43.67	353.48
635.26	26.96	96.06
812.69	52.35	195.31
435.60	0.00	22.34
449.54	12.34	133.06
2228.81	0.00	7.99
384.99	13.51	188.02
732.56	33.77	161.06
373.92	84.83	189.94
683.85	0.00	82.84
432.73	27.60	180.23
811.04	48.41	157.39
449.44	0.00	9.39
898.88	0.00	9.29
1740.65	3.18	47.38
449.44	0.00	20.90
898.70	0.02	45.07
1083.07	39.75	81.78
449.44	0.00	87.82
898.88	0.00	10.45
1757.23	2.25	35.40
299.57	33.35	427.58
299.54	66.68	271.84
299.63	83.33	525.28
449.39	0.01	18.46
898.88	0.00	15.62
898.88	50.00	189.69
449.44	0.00	8.79
898.88	0.00	16.51
898.79	50.00	188.82
449.44	0.00	47.90
898.79	0.01	6.31
1737.83	3.33	49.83
449.44	0.00	8.78
898.88	0.00	14.83
1747.82	2.78	44.84
449.44	0.00	4.64
898.88	0.00	5.72
1205.87	32.92	131.57
399.53	11.11	219.15
449.48	50.00	204.16
449.48	75.00	181.64
449.44	0.00	8.00
849.01	5.56	191.55
898.95	50.00	91.57
449.44	0.00	24.69
898.88	0.00	27.07
898.95	50.00	111.41
244.72	14.07	312.81
746.10	0.00	87.58
229.21	92.96	457.51
228.33	56.45	356.98
813.85	41.94	134.36
516.60	73.17	217.19
229.21	11.80	354.07
280.68	61.70	186.67
1161.64	44.73	138.16
252.32	43.86	317.04
248.37	72.37	464.50
248.37	86.18	460.44
449.39	0.01	10.44
749.06	16.67	121.21
749.06	58.33	184.35
449.44	0.00	31.86
749.06	16.67	122.25
748.84	58.35	121.70
432.53	10.22	246.90
907.81	0.00	9.92
268.40	87.83	248.63
234.22	60.31	246.73
247.99	52.95	473.16
241.00	92.70	210.89
453.33	0.00	6.14
241.00	74.10	242.90
1340.30	39.38	124.29
449.44	0.00	245.02
674.16	25.00	114.30
674.09	62.50	115.34
449.35	0.02	164.54
898.88	0.00	5.88
449.44	75.00	322.83
449.35	0.02	12.33
898.88	0.00	70.92
1348.31	25.00	61.55
449.44	0.00	3.29
898.88	0.00	9.40
1633.86	9.12	49.15
449.44	0.00	15.27
898.79	0.01	4.94
1674.83	6.84	55.24
449.35	0.02	125.19
898.88	0.00	10.98
693.93	61.40	122.42
449.33	0.00	14.40
435.51	19.66	181.06
438.18	75.00	263.79
449.33	0.00	17.18
449.33	50.00	184.57
887.51	50.00	102.65
438.18	0.00	9.57
887.51	0.00	21.96
452.00	81.67	171.62
449.39	0.01	10.29
898.79	0.01	14.05
900.27	49.92	100.87
449.44	0.00	8.30
898.88	0.00	16.37
694.00	61.40	125.32
449.39	0.01	170.93
898.88	0.00	13.02
452.23	74.84	181.23
319.20	0.00	17.97
893.62	0.00	41.72
903.83	50.01	94.73
319.53	0.00	29.81
319.53	65.89	206.38
370.18	80.23	164.67
329.33	0.00	17.49
574.42	35.72	220.25
319.20	82.14	260.36
449.44	0.00	176.10
898.84	0.00	20.56
237.91	86.77	414.97
237.91	47.06	337.56
898.88	-0.00	35.74
449.40	75.00	260.39
449.35	0.02	17.81
898.79	0.01	22.34
898.88	50.00	100.90
449.35	0.02	3.96
898.79	0.01	3.47
1775.95	1.21	28.33
449.44	0.00	170.38
898.70	0.02	10.59
453.14	74.79	252.48
449.44	0.00	7.15
455.64	49.31	175.14
878.74	51.12	102.77
367.72	18.18	238.22
735.44	18.18	125.95
367.72	79.55	233.15
449.44	0.00	22.04
735.44	18.18	225.10
367.72	79.55	323.07
449.44	0.00	23.01
367.69	59.09	339.74
735.30	59.10	221.40
449.23	0.00	182.47
898.45	0.00	37.40
449.23	75.00	182.46
449.23	0.00	17.82
898.45	0.00	31.61
898.37	50.00	193.17
449.23	0.00	8.03
898.45	0.00	19.60
898.36	50.01	189.61
380.29	15.38	219.55
380.29	57.69	319.80
374.53	79.17	205.05
449.44	0.00	19.57
760.51	15.39	132.91
760.44	57.70	107.15
380.26	15.39	434.10
760.51	15.39	132.73
760.59	57.69	107.34
449.44	0.00	9.27
898.70	0.02	4.51
1284.11	28.57	64.46
449.44	0.00	11.27
898.79	0.01	4.74
1733.55	3.57	54.30
449.44	0.00	10.16
898.88	0.00	7.69
1733.55	3.57	47.73
449.44	0.00	17.49
449.44	50.00	171.18
898.79	50.00	107.47
449.44	0.00	9.53
898.88	0.00	23.57
449.44	75.00	277.90
449.44	0.00	407.91
449.39	50.01	233.43
449.39	75.00	264.53
379.17	15.74	228.80
746.53	16.93	134.83
746.53	58.48	218.87
373.23	16.94	221.92
373.27	58.47	219.39
377.78	78.99	314.80
369.22	18.07	417.39
746.46	16.94	140.08
367.36	79.55	416.90
449.39	0.01	34.12
449.35	50.01	347.78
898.88	50.00	105.09
449.44	0.00	192.97
898.79	0.01	179.73
898.88	50.00	124.57
449.44	0.00	16.97
898.88	0.00	93.68
449.39	75.00	186.13
449.44	0.00	8.38
252.78	72.73	300.08
252.81	85.94	358.90
449.44	0.00	9.78
898.88	0.00	11.00
1657.30	7.81	49.23
252.81	43.75	367.56
252.81	71.88	302.51
1516.85	15.62	54.75
449.44	0.00	11.27
621.17	30.89	127.01
856.86	52.34	95.62
449.44	0.00	139.05
653.99	27.24	125.19
626.66	65.14	258.08
449.44	0.00	5.56
898.88	0.00	13.81
607.41	66.21	243.23
449.39	0.01	5.79
898.88	0.00	4.58
1797.75	0.00	1.70
449.44	0.00	8.72
898.79	0.01	5.47
1797.57	0.01	2.31
449.44	0.00	1.14
898.88	0.00	4.26
1797.75	0.00	2.59
449.44	0.00	33.14
709.97	21.02	129.33
354.92	80.26	228.18
357.59	20.44	227.97
352.38	60.80	549.66
709.97	60.51	145.01
354.92	21.03	436.10
709.97	21.02	117.51
709.97	60.51	136.21
424.71	0.00	16.74
743.49	28.27	224.40
743.98	59.50	214.43
377.85	0.13	351.71
743.49	32.25	107.82
368.49	78.51	165.53
377.85	0.00	21.96
366.13	51.56	298.12
743.98	50.49	99.80
449.44	0.00	13.19
449.44	50.00	179.17
449.44	75.00	273.81
449.44	0.00	183.62
449.44	50.00	178.28
449.44	75.00	262.83
449.35	0.02	10.30
449.44	50.00	185.11
898.88	50.00	91.06
449.44	0.00	21.40
734.77	18.26	113.27
734.69	59.13	122.76
449.44	0.00	21.18
734.69	18.27	113.49
734.77	59.13	124.18
449.39	0.01	12.29
613.42	31.76	250.40
734.55	59.14	123.40
449.44	0.00	2.83
898.88	0.00	13.97
1172.33	34.79	70.03
449.44	0.00	4.00
898.79	0.01	4.07
1660.97	7.61	67.30
449.44	0.00	10.65
898.88	0.00	5.27
1182.22	34.24	70.01
314.35	52.83	386.77
691.13	31.24	126.53
691.13	60.72	126.60
377.16	0.00	18.00
364.70	63.99	320.32
313.97	86.28	482.04
376.77	0.00	48.37
313.97	58.38	468.21
326.43	83.42	214.37
374.11	16.76	230.66
700.68	22.05	234.08
249.40	86.13	325.56
374.04	16.78	208.89
424.26	52.80	299.37
249.35	86.13	413.61
449.39	0.01	49.36
748.19	16.76	111.15
249.40	86.13	607.28
414.87	7.69	199.52
829.73	7.69	112.02
414.87	76.92	288.62
449.39	0.01	20.42
414.78	53.86	291.55
414.82	76.93	196.26
449.44	0.00	10.42
829.65	7.70	112.75
829.65	53.85	98.88
355.39	20.93	232.48
703.05	21.79	130.13
703.05	60.89	115.96
449.35	0.02	33.82
702.84	21.81	130.94
347.63	80.66	650.92
355.39	20.93	231.58
703.05	21.79	130.90
355.39	80.23	332.07
368.09	18.18	215.01
736.04	18.20	113.18
736.11	59.10	122.71
368.09	18.18	240.11
736.11	18.19	125.45
736.04	59.10	145.80
449.44	0.01	10.74
736.19	18.18	125.42
736.19	59.09	111.35
449.39	0.01	21.77
898.79	0.01	19.44
449.44	75.00	263.69
449.44	0.00	14.28
898.79	0.01	12.01
449.44	75.00	171.22
449.44	0.00	193.69
898.88	0.00	22.69
449.44	75.00	268.36
449.44	0.00	10.96
789.94	12.12	106.53
789.94	56.06	152.73
449.39	0.01	6.21
898.88	0.00	7.92
1579.88	12.12	52.49
449.44	0.00	19.71
898.88	0.00	2.76
1777.56	1.12	44.42
449.44	0.00	13.84
898.88	0.00	10.55
1348.05	25.01	69.15
449.39	0.01	6.23
897.90	0.11	92.24
1797.75	0.00	4.12
449.44	0.00	7.15
898.88	0.00	5.01
896.92	50.11	88.05
755.92	0.00	152.10
834.23	14.54	133.34
836.91	63.28	118.28
485.42	0.00	14.90
437.21	16.00	137.02
1706.52	0.00	6.39
421.15	0.00	10.80
758.62	47.88	151.95
1422.20	5.35	89.27
449.30	0.03	16.80
449.44	50.00	183.63
449.39	75.00	285.76
449.44	0.00	18.51
898.79	0.01	12.71
449.44	75.00	170.82
449.35	0.02	10.24
449.35	50.01	185.96
898.88	50.00	194.74
473.08	0.00	18.37
815.65	0.32	119.52
407.82	80.79	318.23
407.83	0.64	209.16
815.65	28.60	107.92
815.65	52.00	128.89
408.35	0.00	10.52
815.65	28.60	118.64
815.65	52.00	123.72
408.62	0.00	133.40
801.44	44.72	119.94
790.83	60.30	125.31
398.00	0.00	127.94
485.22	41.36	109.55
458.61	47.75	283.14
724.33	0.00	261.22
869.46	0.00	6.42
420.56	68.80	405.89
449.44	0.00	7.21
898.88	0.00	8.19
1797.75	0.00	5.94
449.44	0.00	7.11
898.88	0.00	17.72
1036.20	42.36	79.43
449.44	0.00	12.25
898.88	0.00	9.13
1797.75	0.00	13.13
299.56	32.08	398.86
299.56	66.36	448.85
898.69	50.23	184.12
441.02	0.00	16.73
532.56	40.74	145.40
449.34	74.88	261.07
299.56	33.33	265.58
898.69	0.00	101.23
449.34	75.00	180.69
448.07	0.00	355.48
896.06	0.01	95.60
447.98	75.01	277.61
448.07	0.00	198.34
447.98	52.64	353.77
447.98	75.01	182.11
448.07	0.00	18.17
448.07	50.00	176.69
895.97	51.36	91.77
443.75	0.00	345.25
443.75	49.84	194.19
887.95	50.02	272.61
443.75	0.00	335.20
441.50	64.45	169.59
887.95	47.95	92.18
443.75	0.00	9.44
446.00	48.80	182.39
443.75	75.00	270.19
435.87	0.00	17.74
422.44	50.79	214.10
433.18	83.31	192.43
433.18	3.01	191.50
419.77	50.97	302.08
788.48	52.14	103.22
435.87	0.00	18.62
788.48	7.91	169.08
788.48	60.23	102.41
449.44	0.00	24.22
604.56	32.74	167.70
898.79	50.01	91.69
449.44	0.00	9.00
898.79	0.01	23.91
898.88	50.00	105.53
449.39	0.01	10.08
898.79	0.01	25.65
898.88	50.00	130.96
264.32	41.19	499.18
264.79	70.57	487.92
793.52	55.84	103.01
449.44	0.00	13.80
793.52	11.72	116.11
264.35	85.28	394.19
449.44	0.00	19.87
264.32	70.58	399.16
264.82	85.31	677.24
449.44	0.00	2.80
898.88	0.00	9.93
1348.18	25.01	107.95
449.44	0.00	8.70
898.79	0.01	5.65
898.88	50.00	93.27
449.44	0.00	96.81
898.88	0.00	4.88
1797.75	0.00	4.81
449.44	0.00	35.83
335.25	62.70	368.27
335.22	81.35	241.83
449.44	0.00	36.39
670.50	25.41	124.02
335.25	81.35	466.45
449.35	0.02	12.86
670.50	25.41	123.94
670.43	62.71	262.59
449.44	0.00	14.04
898.79	0.01	12.11
1498.13	16.67	59.20
449.39	0.01	62.28
898.88	0.00	8.73
1707.87	5.00	48.31
449.39	0.01	14.01
719.10	20.00	202.84
719.10	60.00	200.57
449.44	0.00	11.72
898.88	0.00	11.41
407.85	77.31	268.13
449.44	0.00	78.34
898.79	0.01	6.41
1076.39	40.13	72.79
449.35	0.02	6.11
407.89	54.62	196.04
895.10	50.21	163.46
428.86	0.00	16.57
428.86	49.87	362.52
858.19	40.03	193.51
431.60	0.00	42.94
428.86	50.13	353.02
926.78	50.00	86.01
431.60	0.00	8.34
428.86	17.89	223.02
428.88	76.50	182.61
449.44	0.00	8.93
898.79	0.01	2.48
1797.75	0.00	4.83
449.44	0.00	2.03
898.70	0.02	3.59
1797.75	0.00	1.92
449.44	0.00	2.03
898.88	0.00	5.02
1797.57	0.01	4.23
238.04	48.41	332.88
714.45	24.40	120.33
231.00	87.72	323.34
245.42	48.46	308.20
284.15	69.02	467.46
282.68	84.46	461.29
468.97	0.00	21.32
714.45	21.85	110.04
714.45	57.34	124.39
480.64	0.64	171.06
960.90	9.03	106.71
560.33	78.75	150.63
483.47	0.00	8.64
641.04	37.89	89.70
2063.74	4.42	45.15
481.01	0.00	4.86
481.13	68.24	170.05
1602.68	5.62	42.44
449.44	0.00	12.24
898.79	0.01	9.57
420.11	76.63	246.53
449.35	0.02	5.85
898.88	0.00	38.29
420.15	76.63	246.28
449.35	0.02	42.30
674.02	25.01	113.54
674.16	62.50	121.74
611.61	0.00	20.96
338.58	64.45	332.89
338.67	79.31	297.70
392.75	0.03	192.88
730.98	6.91	115.61
338.66	81.12	321.10
620.27	0.00	22.67
338.58	50.80	518.41
948.10	57.53	111.68
370.00	17.68	413.03
367.35	59.13	404.29
774.34	56.93	180.15
449.44	-0.00	20.73
774.42	13.85	143.70
774.49	56.92	105.72
449.44	0.00	30.26
774.49	13.84	108.27
774.49	56.92	105.29
395.69	11.96	213.28
385.88	57.07	596.42
791.38	55.98	168.79
395.69	11.96	211.54
791.38	11.96	105.42
791.38	55.98	213.55
395.69	11.96	401.27
791.38	11.96	106.01
395.69	77.99	298.23
405.36	9.80	206.93
793.02	11.77	140.92
793.10	55.88	118.32
387.74	13.73	204.40
396.55	55.88	196.03
396.55	77.94	204.59
449.42	0.00	10.20
792.94	11.78	149.14
793.02	55.89	145.35
449.44	0.00	7.15
898.88	0.00	9.61
561.80	68.75	194.33
449.44	0.00	12.05
561.80	37.50	139.27
1123.60	37.50	73.36
449.35	0.02	19.10
898.79	0.01	4.41
1142.32	36.46	145.40
449.44	0.00	134.91
898.88	0.00	1.28
866.92	51.78	88.90
449.35	0.02	10.08
898.88	0.00	6.35
1664.28	7.42	47.82
449.44	0.00	7.11
858.93	4.44	93.36
1797.75	0.00	5.24
490.33	0.00	68.55
439.06	25.40	204.31
507.11	60.17	91.30
422.70	0.00	160.70
422.81	53.68	245.87
842.56	59.87	214.08
422.70	0.00	6.87
913.02	0.00	10.90
1335.18	38.67	63.98
336.28	29.75	260.89
992.48	0.00	71.46
1294.92	34.61	74.32
507.96	0.00	4.99
850.59	0.00	7.67
1957.71	0.00	7.52
347.90	6.13	270.31
850.63	0.00	9.16
188.94	88.25	245.00
422.36	0.00	19.51
853.22	0.00	31.50
422.36	74.92	263.14
419.69	0.00	9.97
842.05	0.00	34.69
433.10	74.82	250.10
420.21	0.00	196.49
422.36	50.65	183.89
853.22	50.00	90.80
449.44	0.00	9.15
898.79	0.01	10.28
1063.67	40.83	76.98
449.35	0.02	2.70
539.33	40.00	156.07
1767.79	1.67	47.23
449.44	0.00	4.56
898.79	0.01	6.48
539.33	70.00	148.83
449.44	0.00	13.23
898.88	0.00	6.25
534.17	70.29	289.72
449.44	0.00	6.78
531.80	40.84	288.68
1068.91	40.54	93.34
449.39	0.01	21.42
898.70	0.02	7.45
1069.23	40.52	76.68
175.87	60.87	430.78
898.88	0.00	2.22
175.85	90.32	485.31
449.44	0.00	5.84
175.87	80.43	421.79
1446.02	19.57	57.05
175.85	60.87	424.27
898.79	0.01	14.58
175.87	90.22	521.67
449.38	0.01	186.18
457.75	49.07	197.24
898.86	50.00	186.21
299.62	33.33	264.76
449.43	50.00	185.27
898.86	50.00	191.45
441.11	1.85	187.25
299.59	66.67	255.91
299.62	83.33	265.05
622.87	0.00	38.32
344.80	54.52	243.14
344.80	80.03	349.06
400.41	0.00	12.82
344.80	54.41	589.53
344.80	80.13	598.69
355.92	0.00	22.41
689.60	29.55	137.20
689.60	61.29	246.21
340.61	24.14	245.02
665.68	25.87	216.39
185.77	89.66	531.10
325.10	27.59	251.94
185.75	79.31	527.88
665.75	63.04	122.33
448.99	0.00	108.69
665.68	25.87	138.08
185.75	89.66	555.72
373.17	0.00	195.93
674.66	34.75	145.83
684.71	52.55	122.80
373.64	0.00	7.94
1045.34	0.00	5.83
433.85	70.43	160.03
373.64	0.00	8.40
373.17	62.14	307.47
1357.41	18.62	67.02
435.52	3.10	262.58
898.88	0.00	16.86
1037.17	42.31	76.31
449.44	0.00	3.19
898.79	0.01	3.85
428.69	76.15	269.23
449.44	0.00	271.70
898.88	0.00	4.64
1382.89	23.08	60.43
316.04	29.68	274.44
632.15	29.67	146.24
632.15	64.84	143.59
316.08	29.67	263.71
632.15	29.67	158.73
548.14	69.51	295.66
449.44	0.00	24.14
632.09	29.68	163.25
632.09	64.84	128.87
359.71	20.00	425.07
719.35	20.01	133.37
359.67	80.00	392.57
449.44	0.00	11.43
719.42	20.00	243.50
359.71	80.00	213.58
359.67	20.01	239.12
719.42	20.00	115.06
359.71	80.00	212.40
449.35	0.02	10.83
898.88	0.00	11.44
1205.70	32.93	139.48
449.44	0.00	4.38
501.20	44.24	161.36
795.16	55.77	172.71
449.30	0.03	12.98
501.20	44.24	155.00
1797.75	0.00	3.41
449.39	0.01	5.90
617.98	31.25	140.89
1616.51	10.08	50.94
449.44	0.00	140.51
898.88	0.00	6.17
1616.51	10.08	50.94
449.39	0.01	11.74
898.88	0.00	7.37
1616.51	10.08	50.94
438.73	2.38	176.81
385.23	57.14	296.35
288.89	83.93	418.24
288.92	35.71	272.49
428.03	52.38	191.79
385.19	78.57	209.52
288.92	35.71	285.83
866.59	3.59	112.47
866.77	51.79	94.25
