449.44	0.00	3.17
898.79	0.01	3.62
1797.75	0.00	3.20
449.39	0.01	8.44
898.88	0.00	3.92
1797.57	0.01	4.65
449.44	0.00	3.17
898.88	0.00	3.37
1797.75	0.00	3.52
449.39	0.01	4.40
898.88	0.00	1.59
1797.75	0.00	3.47
449.35	0.02	6.77
898.88	0.00	3.35
1797.75	0.00	1.74
449.44	0.00	5.40
898.88	0.00	3.30
1797.57	0.01	5.23
449.39	0.01	4.96
898.88	0.00	3.62
1797.75	0.00	3.02
449.44	0.00	2.28
898.88	0.00	5.39
1797.57	0.01	5.14
449.44	0.00	2.28
898.88	0.00	2.92
1797.75	0.00	1.59
449.44	0.00	1.14
898.70	0.02	1.88
1797.39	0.02	1.52
449.44	0.00	6.28
898.70	0.02	3.80
1797.39	0.02	4.18
449.35	0.02	4.45
898.88	0.00	2.28
1797.75	0.00	2.56
449.44	0.00	3.17
898.88	0.00	3.62
1797.75	0.00	3.02
449.44	0.00	3.17
898.88	0.00	2.73
1797.75	0.00	2.95
449.44	0.00	1.14
898.88	0.00	3.62
1797.75	0.00	2.95
449.44	0.00	2.28
898.88	0.00	3.17
1797.75	0.00	3.17
449.44	0.00	5.21
898.88	0.00	4.76
1797.57	0.01	2.64
449.39	0.01	4.26
898.88	0.00	3.17
1797.75	0.00	1.71
449.44	0.00	2.28
898.70	0.02	1.52
1797.21	0.03	3.60
449.44	0.00	1.14
898.88	0.00	1.59
1797.75	0.00	2.51
449.44	0.00	2.92
898.88	0.00	3.17
1797.75	0.00	4.70
449.35	0.02	4.23
898.79	0.01	4.82
1797.75	0.00	4.00
449.39	0.01	5.40
898.88	0.00	5.62
1797.75	0.00	4.03
449.44	0.00	3.37
898.79	0.01	5.85
1797.57	0.01	4.28
449.44	0.00	3.37
898.79	0.01	1.85
1797.57	0.01	3.04
449.44	0.00	3.17
898.88	0.00	2.28
1797.75	0.00	2.95
449.44	0.00	5.21
898.88	0.00	3.62
1797.57	0.01	3.15
449.44	0.00	7.20
898.79	0.01	6.17
1797.39	0.02	5.37
449.44	0.00	2.28
898.88	0.00	2.77
1797.57	0.01	3.20
449.44	0.00	1.14
898.88	0.00	3.62
1797.75	0.00	2.95
449.39	0.01	6.10
898.88	0.00	2.73
1797.75	0.00	4.22
449.44	0.00	4.06
898.88	0.00	5.78
1797.75	0.00	3.30
449.44	0.00	4.06
898.88	0.00	2.73
1797.75	0.00	1.81
449.39	0.01	3.18
898.88	0.00	1.14
1797.75	0.00	1.59
449.39	0.01	3.25
898.79	0.01	2.36
1797.75	0.00	3.91
449.44	0.00	2.28
898.88	0.00	4.51
1797.57	0.01	3.53
449.44	0.00	4.06
898.88	0.00	4.06
1797.75	0.00	3.97
449.44	0.00	2.28
898.79	0.01	5.62
1797.39	0.02	4.18
449.44	0.00	2.92
898.88	0.00	3.17
1797.75	0.00	3.17
449.44	0.00	5.21
898.88	0.00	1.77
1797.75	0.00	4.47
449.44	0.00	2.92
898.79	0.01	3.89
1797.75	0.00	3.04
449.39	0.01	8.14
898.88	0.00	3.69
1797.57	0.01	4.00
449.44	0.00	5.21
898.88	0.00	3.49
1797.75	0.00	1.81
449.44	0.00	4.06
898.88	0.00	4.19
1797.75	0.00	4.09
449.44	0.00	2.69
898.88	0.00	4.11
1797.57	0.01	5.63
449.44	0.00	4.06
898.88	0.00	4.06
1797.75	0.00	3.30
449.39	0.01	3.80
898.88	0.00	6.23
1797.75	0.00	7.49
449.44	0.00	3.81
898.88	0.00	3.62
1797.75	0.00	2.73
449.44	0.00	3.17
898.88	0.00	2.28
1797.75	0.00	1.36
449.35	0.02	4.28
898.88	0.00	4.43
1797.57	0.01	1.37
449.44	0.00	7.88
898.88	0.00	3.87
1797.75	0.00	4.76
449.44	0.00	3.17
898.88	0.00	3.17
1797.75	0.00	2.28
449.44	0.00	3.17
898.88	0.00	3.17
1797.57	0.01	3.31
449.30	0.03	7.18
898.88	0.00	1.14
1797.39	0.02	3.94
449.39	0.01	2.36
898.88	0.00	1.14
1797.75	0.00	1.14
449.39	0.01	3.51
898.79	0.01	3.88
1797.39	0.02	3.50
449.44	0.00	3.17
898.88	0.00	5.65
1797.75	0.00	3.94
449.44	0.00	6.93
898.88	0.00	4.38
1797.57	0.01	4.55
449.44	0.00	2.28
898.88	0.00	2.73
1797.21	0.03	3.28
449.39	0.01	2.03
898.88	0.00	4.51
1797.75	0.00	1.81
449.39	0.01	4.40
898.88	0.00	2.28
1797.75	0.00	4.32
449.35	0.02	5.50
898.88	0.00	2.98
1797.57	0.01	4.64
449.44	0.00	4.26
898.88	0.00	2.73
1797.57	0.01	2.07
449.44	0.00	2.28
898.88	0.00	1.59
1797.75	0.00	4.22
449.44	0.00	6.50
898.88	0.00	2.76
1732.83	3.61	57.40
449.44	0.00	3.17
898.70	0.02	5.00
1797.75	0.00	3.23
449.44	0.00	3.17
898.88	0.00	3.68
1797.75	0.00	4.92
449.44	0.00	4.26
898.79	0.01	4.26
1797.57	0.01	2.33
449.44	0.00	4.32
898.88	0.00	3.05
1797.75	0.00	1.59
449.39	0.01	3.51
898.88	0.00	2.73
1797.75	0.00	1.36
449.39	0.01	4.32
898.88	0.00	2.28
1797.75	0.00	4.22
449.44	0.00	2.92
898.88	0.00	3.62
1797.75	0.00	2.73
449.44	0.00	3.81
898.88	0.00	5.21
1797.75	0.00	4.03
449.44	0.00	4.00
898.88	0.00	1.59
1797.39	0.02	4.07
449.44	0.00	2.28
898.70	0.02	4.75
1797.75	0.00	2.92
449.44	0.00	3.81
898.88	0.00	3.37
1797.75	0.00	4.89
449.44	0.00	2.28
898.88	0.00	2.28
1797.75	0.00	3.43
449.39	0.01	4.01
898.88	0.00	3.62
1797.75	0.00	1.81
449.44	0.00	4.06
898.88	0.00	1.59
1797.75	0.00	3.30
449.44	0.00	3.18
898.79	0.01	1.59
1797.75	0.00	3.43
449.44	0.00	4.06
898.79	0.01	4.49
1797.39	0.02	4.69
449.35	0.02	4.45
898.79	0.01	3.77
1797.75	0.00	3.59
449.44	0.00	3.17
898.88	0.00	2.28
1797.75	0.00	1.36
449.44	0.00	4.32
898.88	0.00	1.59
1797.75	0.00	4.22
449.30	0.03	3.02
898.88	0.00	3.17
1797.75	0.00	1.71
449.44	0.00	4.01
898.79	0.01	5.35
1797.75	0.00	3.32
449.44	0.00	2.28
898.88	0.00	3.75
1797.57	0.01	3.65
449.35	0.02	4.45
898.88	0.00	6.42
1797.75	0.00	2.13
449.44	0.00	3.17
898.88	0.00	1.59
1797.75	0.00	2.28
449.44	0.00	3.25
898.79	0.01	4.62
1797.75	0.00	4.87
449.44	0.00	3.17
898.88	0.00	3.62
1797.75	0.00	5.24
449.35	0.02	5.18
898.88	0.00	3.48
1797.75	0.00	4.36
449.39	0.01	5.63
898.79	0.01	2.99
1797.39	0.02	1.94
449.44	0.00	5.21
898.88	0.00	1.14
1797.75	0.00	2.86
449.44	0.00	2.28
898.88	0.00	1.59
1797.57	0.01	2.96
449.39	0.01	4.07
898.88	0.00	2.28
1797.75	0.00	2.51
449.44	0.00	2.92
898.88	0.00	4.07
1797.57	0.01	3.97
449.44	0.00	3.81
898.88	0.00	4.38
1797.75	0.00	3.68
449.44	0.00	2.92
898.88	0.00	1.59
1797.75	0.00	1.81
449.35	0.02	5.34
898.88	0.00	1.14
1797.75	0.00	3.49
449.44	0.00	3.17
898.88	0.00	5.65
1797.75	0.00	3.94
449.44	0.00	4.06
898.88	0.00	4.06
1797.75	0.00	4.03
449.39	0.01	3.37
898.88	0.00	2.28
1797.75	0.00	1.14
449.44	0.00	3.81
898.88	0.00	4.06
1797.75	0.00	1.94
449.44	0.00	1.14
898.88	0.00	2.73
1797.75	0.00	1.36
449.44	0.00	2.28
898.88	0.00	4.76
1797.75	0.00	3.14
449.35	0.02	5.33
898.88	0.00	6.41
1797.75	0.00	4.75
449.44	0.00	2.92
898.88	0.00	3.75
1797.75	0.00	3.30
449.44	0.00	5.84
898.88	0.00	2.60
1797.75	0.00	3.46
449.44	0.00	1.14
898.70	0.02	2.98
1797.75	0.00	1.36
449.44	0.00	4.06
898.88	0.00	5.21
1797.57	0.01	3.97
449.44	0.00	2.92
898.88	0.00	3.05
1797.75	0.00	2.73
449.35	0.02	4.28
898.79	0.01	2.84
1797.75	0.00	2.56
449.44	0.00	4.00
898.88	0.00	1.59
1797.21	0.03	4.09
449.35	0.02	2.40
898.88	0.00	1.14
1797.75	0.00	1.14
449.39	0.01	5.55
898.70	0.02	3.24
1797.75	0.00	3.10
449.44	0.00	3.17
898.70	0.02	5.00
1797.75	0.00	3.23
449.44	0.00	4.06
898.88	0.00	2.60
1797.75	0.00	1.36
449.44	0.00	3.39
898.79	0.01	3.84
1797.39	0.02	1.93
449.39	0.01	3.81
898.79	0.01	4.51
1797.75	0.00	3.75
449.44	0.00	73.02
898.88	0.00	13.80
1303.37	27.50	67.76
449.44	0.00	9.23
898.79	0.01	5.41
1797.75	0.00	8.49
449.35	0.02	9.69
898.70	0.02	50.48
1684.89	6.28	48.64
449.44	0.00	2.92
898.88	0.00	3.62
1797.75	0.00	3.52
449.35	0.02	6.69
898.70	0.02	3.90
1797.75	0.00	1.14
449.39	0.01	6.29
898.88	0.00	4.73
1797.75	0.00	3.84
449.44	0.00	5.21
898.88	0.00	2.92
1797.75	0.00	3.20
449.44	0.00	3.17
898.88	0.00	3.30
1797.39	0.02	1.53
449.39	0.01	3.18
898.88	0.00	3.82
1797.39	0.02	4.29
449.35	0.02	4.85
898.79	0.01	2.78
1797.75	0.00	2.66
449.35	0.02	4.95
898.79	0.01	3.62
1797.75	0.00	2.91
449.39	0.01	5.30
898.88	0.00	3.37
1797.57	0.01	4.15
449.44	0.00	3.17
898.88	0.00	3.17
1797.75	0.00	2.51
449.44	0.00	3.17
898.88	0.00	4.76
1797.75	0.00	2.70
449.39	0.01	2.37
898.79	0.01	4.93
1797.75	0.00	2.97
449.39	0.01	4.96
898.79	0.01	3.05
1797.75	0.00	2.95
449.44	0.00	7.49
898.88	0.00	5.07
1797.75	0.00	7.24
449.44	0.00	6.99
898.88	0.00	4.06
1797.75	0.00	4.22
449.44	0.00	5.63
898.88	0.00	5.21
1797.39	0.02	10.59
449.44	0.00	1.14
898.88	0.00	3.17
1797.75	0.00	3.17
449.44	0.00	3.17
898.88	0.00	4.32
1797.75	0.00	2.73
449.44	0.00	4.40
898.79	0.01	7.27
1797.57	0.01	5.69
449.44	0.00	5.85
898.79	0.01	3.81
1797.75	0.00	1.81
449.44	0.00	3.17
898.88	0.00	2.28
1797.75	0.00	2.95
449.39	0.01	7.17
898.88	0.00	2.88
1797.75	0.00	4.61
449.39	0.01	3.18
898.79	0.01	4.16
1797.39	0.02	3.37
449.44	0.00	4.06
898.88	0.00	6.60
1797.75	0.00	4.44
449.44	0.00	4.95
898.88	0.00	5.84
1797.75	0.00	6.38
449.44	0.00	3.38
898.70	0.02	1.87
1797.75	0.00	2.28
449.44	0.00	1.43
898.70	0.02	3.57
1797.57	0.01	6.17
449.44	0.00	4.06
898.88	0.00	4.70
1797.75	0.00	6.31
449.44	0.00	3.17
898.88	0.00	3.17
1797.75	0.00	2.28
449.39	0.01	3.52
898.88	0.00	2.78
1797.75	0.00	1.14
449.39	0.01	4.85
898.88	0.00	1.14
1797.57	0.01	1.77
449.44	0.00	1.14
898.79	0.01	2.04
1797.75	0.00	4.22
449.35	0.02	5.33
898.88	0.00	2.79
1797.75	0.00	3.14
449.35	0.02	2.67
898.88	0.00	3.37
1797.75	0.00	3.27
449.44	0.00	4.01
898.88	0.00	4.20
1797.57	0.01	2.22
449.39	0.01	4.44
898.88	0.00	2.85
1797.39	0.02	1.52
449.39	0.01	3.12
898.88	0.00	1.14
1797.75	0.00	3.00
449.44	0.00	4.95
898.88	0.00	6.60
1797.75	0.00	4.44
449.35	0.02	5.17
898.88	0.00	3.73
1797.75	0.00	4.08
449.44	0.00	2.28
898.79	0.01	3.75
1797.75	0.00	2.51
449.44	0.00	4.32
898.88	0.00	3.15
1797.57	0.01	1.85
449.44	0.00	1.14
898.88	0.00	3.92
1797.39	0.02	4.39
449.44	0.00	4.32
898.88	0.00	2.73
1797.57	0.01	2.29
449.35	0.02	4.45
898.88	0.00	3.81
1797.75	0.00	2.83
449.39	0.01	5.21
898.88	0.00	3.17
1797.75	0.00	2.73
449.44	0.00	4.27
898.88	0.00	1.59
1797.57	0.01	2.09
449.39	0.01	4.41
898.88	0.00	1.14
1797.75	0.00	2.51
449.44	0.00	2.92
898.88	0.00	3.62
1797.75	0.00	2.95
449.35	0.02	5.17
898.88	0.00	3.73
1797.75	0.00	4.08
449.35	0.02	4.64
898.88	0.00	4.45
1797.57	0.01	2.42
449.44	0.00	3.37
898.79	0.01	1.93
1797.75	0.00	2.33
449.44	0.00	2.92
898.88	0.00	4.51
1797.75	0.00	1.65
449.44	0.00	4.06
898.88	0.00	4.64
1797.75	0.00	3.75
449.44	0.00	2.28
898.88	0.00	2.73
1797.75	0.00	2.95
449.44	0.00	5.84
898.88	0.00	3.68
1797.75	0.00	4.92
449.44	0.00	5.42
898.70	0.02	2.41
1797.75	0.00	3.28
449.35	0.02	3.30
898.88	0.00	4.37
1797.75	0.00	5.01
449.44	0.00	5.21
898.79	0.01	3.05
1797.75	0.00	3.30
449.44	0.00	4.06
898.88	0.00	5.46
1797.75	0.00	6.16
449.44	0.00	3.17
898.88	0.00	3.17
1797.75	0.00	1.14
449.44	0.00	4.32
898.70	0.02	3.43
1797.57	0.01	1.37
449.39	0.01	4.35
898.79	0.01	4.27
1797.39	0.02	8.33
449.44	0.00	6.10
898.88	0.00	4.06
1797.75	0.00	3.52
449.44	0.00	5.84
898.88	0.00	3.94
1797.75	0.00	3.40
449.39	0.01	4.96
898.79	0.01	3.62
1797.75	0.00	1.94
449.44	0.00	3.17
898.88	0.00	1.14
1797.75	0.00	2.95
449.44	0.00	2.92
898.88	0.00	3.49
1797.75	0.00	1.59
449.44	0.00	3.55
898.88	0.00	3.36
1797.39	0.02	2.85
449.44	0.00	4.15
898.79	0.01	3.83
1797.75	0.00	4.06
449.44	0.00	2.28
898.88	0.00	2.73
1797.75	0.00	2.95
449.44	0.00	3.39
898.70	0.02	2.41
1797.75	0.00	1.14
449.44	0.00	4.06
898.88	0.00	4.06
1797.75	0.00	3.97
449.39	0.01	3.18
898.88	0.00	2.28
1797.75	0.00	3.65
449.44	0.00	6.32
898.61	0.03	7.07
1797.57	0.01	4.47
449.44	0.00	4.06
898.88	0.00	4.06
1797.75	0.00	1.94
449.44	0.00	3.18
898.79	0.01	5.21
1797.57	0.01	3.56
449.44	0.00	2.92
898.88	0.00	3.05
1797.75	0.00	2.73
449.44	0.00	3.17
898.88	0.00	3.30
1797.57	0.01	2.73
449.44	0.00	3.17
898.88	0.00	3.72
1797.57	0.01	3.22
449.44	0.00	5.21
898.88	0.00	2.28
1797.75	0.00	2.98
449.44	0.00	3.12
898.88	0.00	4.71
1797.57	0.01	1.93
449.35	0.02	5.63
898.88	0.00	3.72
1797.75	0.00	1.86
449.39	0.01	4.96
898.88	0.00	4.06
1797.39	0.02	4.40
449.39	0.01	4.26
898.88	0.00	2.73
1797.75	0.00	2.51
449.44	0.00	4.96
898.79	0.01	5.53
1797.75	0.00	1.37
449.44	0.00	2.92
898.70	0.02	4.00
1797.75	0.00	2.73
449.30	0.03	4.47
898.88	0.00	1.14
1797.75	0.00	1.14
449.44	0.00	4.06
898.88	0.00	4.06
1797.75	0.00	3.97
449.44	0.00	4.06
898.88	0.00	4.06
1797.75	0.00	4.32
449.44	0.00	3.18
898.79	0.01	3.45
1797.39	0.02	1.51
449.39	0.01	5.58
898.70	0.02	5.83
1797.75	0.00	2.91
449.35	0.02	4.61
898.88	0.00	2.83
1797.57	0.01	1.59
449.44	0.00	3.81
898.88	0.00	3.62
1797.75	0.00	3.65
449.44	0.00	5.84
898.88	0.00	4.06
1797.75	0.00	3.52
449.44	0.00	5.84
898.88	0.00	2.60
1797.75	0.00	3.40
449.44	0.00	5.85
898.88	0.00	3.17
1797.57	0.01	3.46
449.39	0.01	5.14
898.88	0.00	4.06
1797.57	0.01	5.24
449.39	0.01	2.63
898.88	0.00	5.21
1797.75	0.00	3.55
449.39	0.01	3.12
898.88	0.00	5.63
1797.57	0.01	3.91
449.44	0.00	3.04
898.88	0.00	6.03
1797.75	0.00	5.84
449.44	0.00	4.01
898.88	0.00	5.41
1797.57	0.01	2.48
449.44	0.00	1.14
898.88	0.00	2.73
1797.75	0.00	1.36
449.39	0.01	5.35
898.79	0.01	5.40
1797.57	0.01	3.21
449.44	0.00	5.28
898.79	0.01	4.39
1797.75	0.00	2.98
449.44	0.00	5.21
898.88	0.00	3.49
1797.75	0.00	1.81
449.44	0.00	6.73
898.88	0.00	3.94
1797.75	0.00	4.13
449.44	0.00	1.14
898.70	0.02	4.07
1797.57	0.01	1.48
449.44	0.00	5.84
898.88	0.00	3.62
1797.75	0.00	3.75
449.44	0.00	4.95
898.88	0.00	4.95
1797.75	0.00	3.17
449.39	0.01	5.15
898.88	0.00	3.47
1797.57	0.01	4.44
449.44	0.00	3.81
898.88	0.00	1.59
1797.75	0.00	1.81
449.44	0.00	4.06
898.88	0.00	4.06
1797.75	0.00	1.94
449.39	0.01	4.00
898.88	0.00	4.16
1797.75	0.00	4.06
449.44	0.00	10.03
898.79	0.01	5.48
1797.39	0.02	9.09
449.44	0.00	6.32
898.88	0.00	4.29
1797.39	0.02	2.60
449.44	0.00	3.43
898.79	0.01	2.16
1797.75	0.00	1.14
449.44	0.00	1.14
898.88	0.00	1.59
1797.75	0.00	2.95
449.39	0.01	4.40
898.88	0.00	2.73
1797.75	0.00	3.47
449.39	0.01	4.32
898.79	0.01	3.40
1797.57	0.01	3.07
449.39	0.01	4.96
898.88	0.00	3.24
1797.75	0.00	4.76
449.44	0.00	2.28
898.88	0.00	1.14
1797.75	0.00	1.14
449.44	0.00	3.30
898.70	0.02	1.88
1797.75	0.00	2.82
449.44	0.00	2.92
898.79	0.01	3.62
1797.75	0.00	4.35
449.44	0.00	5.21
898.88	0.00	2.28
1797.57	0.01	3.08
449.44	0.00	6.03
898.88	0.00	5.67
1797.39	0.02	3.32
449.44	0.00	4.27
898.79	0.01	2.23
1797.57	0.01	3.46
449.44	0.00	4.06
898.79	0.01	4.07
1797.75	0.00	1.94
449.44	0.00	4.32
898.88	0.00	2.73
1797.75	0.00	2.95
449.39	0.01	5.55
898.88	0.00	2.28
1797.75	0.00	2.74
449.44	0.00	3.17
898.88	0.00	3.68
1797.75	0.00	4.92
449.44	0.00	3.17
898.88	0.00	1.14
1797.75	0.00	1.36
449.44	0.00	4.32
898.79	0.01	4.77
1797.75	0.00	1.59
449.44	0.00	4.06
898.88	0.00	4.06
1797.75	0.00	3.97
449.44	0.00	2.92
898.88	0.00	3.17
1797.75	0.00	2.28
449.44	0.00	3.17
898.88	0.00	4.38
1797.75	0.00	5.55
449.44	0.00	4.32
898.88	0.00	1.59
1797.57	0.01	1.15
449.44	0.00	3.43
898.88	0.00	1.14
1797.75	0.00	1.59
449.44	0.00	7.88
898.79	0.01	4.00
1797.75	0.00	4.00
449.44	0.00	3.17
898.88	0.00	3.84
1797.21	0.03	4.59
449.44	0.00	3.37
898.79	0.01	4.36
1797.57	0.01	3.74
449.44	0.00	4.06
898.88	0.00	1.59
1797.75	0.00	3.30
449.44	0.00	4.19
898.70	0.02	5.27
1797.75	0.00	3.47
449.35	0.02	4.48
898.70	0.02	3.39
1797.39	0.02	4.21
449.44	0.00	3.17
898.88	0.00	3.17
1797.75	0.00	3.30
449.35	0.02	4.43
898.79	0.01	4.87
1797.75	0.00	1.77
449.44	0.00	4.06
898.88	0.00	1.59
1797.75	0.00	1.81
449.39	0.01	4.07
898.88	0.00	1.14
1797.75	0.00	4.22
449.44	0.00	4.32
898.88	0.00	2.28
1797.75	0.00	4.22
449.44	0.00	6.19
898.79	0.01	5.43
1797.57	0.01	4.01
449.44	0.00	4.22
898.61	0.03	4.93
1797.57	0.01	3.57
449.39	0.01	5.28
898.79	0.01	3.78
1797.75	0.00	4.84
449.44	0.00	6.74
898.70	0.02	2.87
1797.75	0.00	1.37
449.44	0.00	6.95
898.70	0.02	5.70
1797.75	0.00	6.86
449.44	0.00	3.17
898.88	0.00	4.12
1797.75	0.00	5.30
449.44	0.00	3.17
898.88	0.00	3.17
1797.75	0.00	1.36
449.44	0.00	4.06
898.88	0.00	3.37
1797.75	0.00	1.81
449.44	0.00	1.14
898.79	0.01	1.59
1797.75	0.00	1.36
449.44	0.00	4.00
898.88	0.00	3.59
1797.57	0.01	3.01
449.44	0.00	4.06
898.88	0.00	3.37
1797.75	0.00	3.52
449.44	0.00	4.96
898.88	0.00	3.49
1797.39	0.02	4.16
449.44	0.00	4.01
898.88	0.00	3.82
1797.57	0.01	2.08
449.44	0.00	3.81
898.88	0.00	1.59
1797.75	0.00	1.81
449.44	0.00	10.59
898.88	0.00	14.83
1624.89	9.62	58.60
449.44	0.00	3.17
898.70	0.02	3.11
1797.75	0.00	2.73
449.35	0.02	4.44
898.88	0.00	2.73
1797.57	0.01	2.51
449.44	0.00	2.28
898.88	0.00	1.14
1797.75	0.00	2.73
449.39	0.01	3.18
898.88	0.00	3.96
1797.39	0.02	3.36
449.44	0.00	6.42
898.88	0.00	4.73
1797.75	0.00	6.38
449.44	0.00	5.29
898.88	0.00	4.98
1797.57	0.01	5.96
449.35	0.02	4.92
898.88	0.00	6.88
1797.75	0.00	7.64
449.44	0.00	4.06
898.88	0.00	3.37
1797.75	0.00	1.81
449.44	0.00	1.14
898.88	0.00	3.17
1797.57	0.01	4.83
449.35	0.02	4.44
898.88	0.00	4.25
1797.57	0.01	3.51
449.39	0.01	9.23
898.79	0.01	5.63
1797.75	0.00	10.76
449.44	0.00	3.37
898.79	0.01	4.96
1797.75	0.00	1.38
449.44	0.00	3.17
898.79	0.01	3.18
1797.75	0.00	1.59
449.44	0.00	1.14
898.88	0.00	1.59
1797.39	0.02	2.96
449.39	0.01	6.44
898.88	0.00	2.78
1797.75	0.00	3.19
449.39	0.01	4.66
898.88	0.00	2.28
1797.75	0.00	2.56
449.44	0.00	2.92
898.88	0.00	3.17
1797.75	0.00	3.24
449.44	0.00	3.81
898.79	0.01	6.73
1797.75	0.00	4.02
449.44	0.00	7.37
898.88	0.00	3.49
1797.75	0.00	3.78
449.44	0.00	3.17
898.79	0.01	3.62
1797.75	0.00	3.59
449.44	0.00	4.32
898.88	0.00	4.82
1797.75	0.00	5.07
449.44	0.00	6.99
898.88	0.00	4.19
1797.75	0.00	4.09
449.44	0.00	4.44
898.88	0.00	3.39
1797.39	0.02	1.92
449.44	0.00	1.57
898.88	0.00	6.64
1797.39	0.02	12.44
449.39	0.01	8.33
898.88	0.00	5.94
1797.75	0.00	6.27
449.44	0.00	3.17
898.70	0.02	2.67
1797.75	0.00	2.73
449.39	0.01	4.60
898.79	0.01	2.99
1797.75	0.00	3.43
449.44	0.00	2.92
898.79	0.01	3.96
1797.75	0.00	1.14
449.44	0.00	8.56
898.70	0.02	6.61
1797.75	0.00	8.55
449.39	0.01	4.07
898.88	0.00	3.36
1797.75	0.00	5.90
449.44	0.00	4.06
898.88	0.00	6.42
1797.75	0.00	4.03
449.44	0.00	3.17
898.88	0.00	4.19
1797.75	0.00	3.36
449.39	0.01	3.37
898.88	0.00	1.14
1797.75	0.00	2.28
449.44	0.00	4.07
898.79	0.01	1.59
1797.57	0.01	3.73
449.44	0.00	2.28
898.70	0.02	3.55
1797.75	0.00	2.28
449.44	0.00	3.81
898.88	0.00	3.37
1797.75	0.00	3.52
449.44	0.00	4.01
898.88	0.00	7.37
1797.57	0.01	5.09
449.44	0.00	2.28
898.88	0.00	3.30
1797.75	0.00	2.73
449.44	0.00	2.92
898.88	0.00	5.65
1797.75	0.00	6.19
449.44	0.00	6.10
898.88	0.00	6.22
1797.75	0.00	3.27
449.39	0.01	4.89
898.88	0.00	3.59
1797.75	0.00	4.00
449.44	0.00	3.17
898.88	0.00	2.28
1797.75	0.00	1.59
449.44	0.00	6.05
898.79	0.01	11.71
1797.57	0.01	10.37
449.44	0.00	2.92
898.88	0.00	1.59
1797.57	0.01	2.16
449.39	0.01	4.07
898.88	0.00	4.13
1797.75	0.00	5.74
449.44	0.00	3.43
898.88	0.00	2.60
1797.75	0.00	4.22
449.44	0.00	6.35
898.79	0.01	4.25
1797.75	0.00	6.96
449.39	0.01	5.51
898.70	0.02	5.42
1797.75	0.00	3.59
449.35	0.02	4.61
898.88	0.00	3.03
1797.75	0.00	1.59
449.44	0.00	15.47
898.70	0.02	11.69
1517.27	15.60	64.11
449.35	0.02	5.17
898.88	0.00	3.73
1797.75	0.00	3.63
449.44	0.00	3.81
898.88	0.00	3.94
1797.75	0.00	3.84
449.44	0.00	2.92
898.88	0.00	3.49
1797.75	0.00	3.40
449.44	0.00	3.37
898.79	0.01	3.00
1797.75	0.00	1.36
449.44	0.00	7.38
898.79	0.01	5.49
1797.57	0.01	4.96
449.44	0.00	4.95
898.88	0.00	4.76
1797.75	0.00	3.52
449.44	0.00	5.15
898.88	0.00	3.56
1797.57	0.01	4.28
449.44	0.00	5.21
898.88	0.00	2.47
1797.57	0.01	5.11
449.30	0.03	7.18
898.88	0.00	2.83
1797.39	0.02	1.52
449.44	0.00	3.17
898.88	0.00	4.76
1797.75	0.00	5.01
449.44	0.00	6.99
898.88	0.00	4.06
1797.75	0.00	4.19
449.39	0.01	4.25
898.88	0.00	2.28
1797.75	0.00	2.73
449.30	0.03	6.12
898.88	0.00	1.14
1797.39	0.02	4.02
449.39	0.01	4.07
898.88	0.00	1.14
1797.75	0.00	2.73
449.44	0.00	7.08
898.88	0.00	6.86
1797.57	0.01	4.34
449.44	0.00	3.30
898.70	0.02	4.36
1797.75	0.00	3.54
449.44	0.00	4.13
898.79	0.01	5.64
1797.57	0.01	4.07
449.30	0.03	4.81
898.79	0.01	3.51
1797.75	0.00	3.48
449.44	0.00	2.28
898.88	0.00	1.59
1797.75	0.00	3.65
449.35	0.02	7.31
898.88	0.00	5.89
1797.75	0.00	4.64
449.44	0.00	4.96
898.79	0.01	3.63
1797.57	0.01	3.91
449.44	0.00	4.01
898.88	0.00	4.41
1797.39	0.02	4.85
449.44	0.00	3.18
898.88	0.00	1.14
1797.57	0.01	2.73
449.44	0.00	1.14
898.88	0.00	5.65
1797.75	0.00	3.94
449.39	0.01	4.01
898.79	0.01	6.81
1797.75	0.00	4.15
449.39	0.01	4.07
898.88	0.00	3.68
1797.75	0.00	5.30
449.44	0.00	5.17
898.79	0.01	5.31
1797.39	0.02	4.96
449.44	0.00	3.17
898.88	0.00	3.62
1797.75	0.00	1.59
449.35	0.02	3.56
898.88	0.00	1.14
1797.75	0.00	2.28
449.44	0.00	4.06
898.88	0.00	5.21
1797.75	0.00	3.55
449.44	0.00	2.28
898.79	0.01	2.73
1797.57	0.01	3.23
449.39	0.01	5.24
898.79	0.01	5.35
1797.75	0.00	3.00
449.35	0.02	3.34
898.88	0.00	5.15
1797.57	0.01	3.59
449.44	0.00	3.81
898.88	0.00	4.00
1797.75	0.00	4.86
449.44	0.00	4.50
898.79	0.01	4.59
1797.57	0.01	3.84
449.44	0.00	3.18
898.88	0.00	3.62
1797.57	0.01	3.53
449.44	0.00	3.17
898.88	0.00	2.28
1797.75	0.00	4.35
449.44	0.00	3.17
898.88	0.00	3.30
1797.75	0.00	2.67
449.44	0.00	3.17
898.88	0.00	1.14
1797.75	0.00	1.59
449.44	0.00	4.06
898.88	0.00	4.06
1797.75	0.00	3.97
449.39	0.01	3.52
898.88	0.00	3.35
1797.57	0.01	2.76
449.44	0.00	4.50
898.88	0.00	4.77
1797.75	0.00	7.38
449.44	0.00	4.06
898.88	0.00	1.59
1797.75	0.00	1.81
449.35	0.02	4.18
898.88	0.00	2.34
1797.75	0.00	4.28
449.44	0.00	3.17
898.88	0.00	4.89
1797.75	0.00	2.73
449.44	0.00	3.17
898.88	0.00	5.37
1797.57	0.01	6.27
449.35	0.02	5.34
898.88	0.00	5.32
1797.75	0.00	3.45
449.44	0.00	4.26
898.88	0.00	1.59
1797.21	0.03	4.18
449.44	0.00	6.10
898.88	0.00	3.62
1797.75	0.00	5.74
449.44	0.00	3.17
898.88	0.00	4.06
1797.39	0.02	4.85
449.44	0.00	2.92
898.79	0.01	5.22
1797.75	0.00	3.51
449.39	0.01	6.05
898.79	0.01	4.30
1797.75	0.00	6.41
449.44	0.00	6.49
898.79	0.01	2.86
1797.57	0.01	4.12
449.39	0.01	5.21
898.79	0.01	3.18
1797.75	0.00	2.92
449.39	0.01	3.52
898.88	0.00	5.40
1797.57	0.01	2.73
449.39	0.01	5.21
898.88	0.00	2.73
1797.75	0.00	2.70
449.35	0.02	4.96
898.70	0.02	7.11
1797.57	0.01	7.92
449.44	0.00	2.28
898.79	0.01	3.62
1797.75	0.00	2.51
449.39	0.01	1.15
898.88	0.00	1.14
1797.75	0.00	1.59
449.44	0.00	5.46
898.88	0.00	2.73
1797.57	0.01	3.18
449.44	0.00	4.07
898.70	0.02	4.99
1797.57	0.01	4.34
449.44	0.00	4.06
898.88	0.00	4.32
1797.75	0.00	1.55
449.39	0.01	4.07
898.88	0.00	1.14
1797.75	0.00	2.51
449.44	0.00	1.14
898.88	0.00	2.28
1797.75	0.00	2.51
449.39	0.01	4.27
898.88	0.00	2.28
1797.75	0.00	2.73
449.44	0.00	3.12
898.70	0.02	6.19
1797.57	0.01	3.19
449.44	0.00	3.25
898.88	0.00	4.96
1797.57	0.01	5.95
449.44	0.00	3.24
898.70	0.02	5.60
1797.75	0.00	5.09
449.44	0.00	6.33
898.88	0.00	10.16
1567.24	12.82	59.25
449.39	0.01	4.26
898.88	0.00	4.74
1797.75	0.00	4.99
449.39	0.01	8.08
898.88	0.00	4.22
1797.75	0.00	3.81
449.44	0.00	3.52
898.70	0.02	5.38
1797.75	0.00	2.75
449.44	0.00	2.28
898.88	0.00	1.14
1797.39	0.02	4.48
449.30	0.03	4.45
898.88	0.00	1.14
1797.39	0.02	4.17
449.35	0.02	5.17
898.88	0.00	3.60
1797.75	0.00	4.07
449.35	0.02	6.60
898.70	0.02	4.33
1797.57	0.01	3.93
449.39	0.01	4.77
898.79	0.01	5.38
1797.75	0.00	8.30
449.44	0.00	4.01
898.88	0.00	4.26
1797.57	0.01	2.25
449.44	0.00	3.17
898.88	0.00	1.14
1797.75	0.00	2.73
449.44	0.00	4.32
898.88	0.00	2.28
1797.75	0.00	4.00
449.44	0.00	2.92
898.79	0.01	3.94
1797.75	0.00	2.67
449.44	0.00	2.92
898.88	0.00	2.28
1797.75	0.00	2.73
449.39	0.01	4.07
898.88	0.00	6.74
1797.57	0.01	4.23
449.44	0.00	4.44
898.70	0.02	2.41
1797.75	0.00	1.14
449.44	0.00	5.21
898.88	0.00	4.76
1797.75	0.00	2.28
449.44	0.00	2.28
898.88	0.00	2.28
1797.75	0.00	2.28
449.35	0.02	4.66
898.61	0.03	5.74
1797.75	0.00	6.27
449.44	0.00	3.17
898.79	0.01	2.73
1797.75	0.00	2.73
449.44	0.00	2.28
898.88	0.00	6.10
1797.75	0.00	3.94
449.44	0.00	5.21
898.79	0.01	4.07
1797.75	0.00	3.37
449.44	0.00	4.06
898.88	0.00	4.64
1797.75	0.00	3.81
449.44	0.00	2.92
898.79	0.01	4.07
1797.75	0.00	2.79
449.44	0.00	5.40
898.88	0.00	1.59
1797.57	0.01	2.71
449.44	0.00	1.14
898.88	0.00	3.17
1797.75	0.00	1.59
449.44	0.00	2.28
898.79	0.01	3.75
1797.75	0.00	2.95
449.39	0.01	3.52
898.79	0.01	3.99
1797.75	0.00	2.51
449.44	0.00	4.95
898.88	0.00	3.37
1797.75	0.00	1.94
449.44	0.00	4.96
898.88	0.00	3.37
1797.57	0.01	4.36
449.35	0.02	1.53
898.79	0.01	2.04
1797.75	0.00	1.14
449.44	0.00	5.21
898.88	0.00	3.55
1797.75	0.00	5.30
449.44	0.00	2.92
898.88	0.00	6.60
1797.75	0.00	4.44
449.44	0.00	3.81
898.88	0.00	3.94
1797.75	0.00	1.87
449.44	0.00	3.13
898.70	0.02	2.24
1797.75	0.00	1.14
449.44	0.00	3.51
898.88	0.00	1.59
1797.57	0.01	2.62
449.44	0.00	5.21
898.88	0.00	2.60
1797.75	0.00	3.02
449.39	0.01	6.54
898.70	0.02	4.75
1797.75	0.00	3.49
449.44	0.00	4.01
898.79	0.01	4.84
1797.75	0.00	4.20
449.44	0.00	3.81
898.88	0.00	1.59
1797.75	0.00	1.81
449.39	0.01	3.52
898.88	0.00	3.17
1797.75	0.00	1.59
449.44	0.00	6.31
898.88	0.00	2.85
1797.39	0.02	3.99
449.44	0.00	3.81
898.88	0.00	5.84
1797.75	0.00	5.27
449.44	0.00	2.92
898.88	0.00	4.12
1797.75	0.00	5.30
449.44	0.00	3.37
898.88	0.00	1.14
1797.57	0.01	3.07
449.44	0.00	1.14
898.88	0.00	4.32
1797.57	0.01	1.59
449.44	0.00	6.99
898.88	0.00	3.62
1797.57	0.01	2.96
449.39	0.01	5.76
898.61	0.03	4.64
1797.75	0.00	3.09
449.44	0.00	3.81
898.88	0.00	3.62
1797.75	0.00	3.30
449.44	0.00	2.28
898.88	0.00	3.17
1797.75	0.00	1.59
449.44	0.00	1.14
898.70	0.02	2.58
1797.57	0.01	2.63
449.39	0.01	5.79
898.79	0.01	4.36
1797.75	0.00	2.78
449.44	0.00	3.81
898.88	0.00	4.06
1797.75	0.00	4.32
449.44	0.00	7.20
898.88	0.00	4.63
1797.39	0.02	4.84
449.39	0.01	5.21
898.88	0.00	4.07
1797.75	0.00	3.14
449.30	0.03	5.55
898.88	0.00	2.28
1797.57	0.01	3.92
449.44	0.00	3.17
898.88	0.00	3.17
1797.75	0.00	3.87
449.44	0.00	6.73
898.88	0.00	4.06
1797.75	0.00	4.19
449.44	0.00	3.17
898.88	0.00	2.28
1797.75	0.00	1.36
449.44	0.00	2.92
898.88	0.00	4.89
1797.75	0.00	2.95
449.44	0.00	8.61
898.79	0.01	1.27
1797.39	0.02	8.76
449.44	0.00	14.63
898.88	0.00	15.63
1377.68	23.37	67.61
449.44	0.00	2.92
898.88	0.00	5.40
1797.75	0.00	3.87
449.44	0.00	5.49
898.79	0.01	6.28
1797.57	0.01	2.48
449.39	0.01	4.96
898.79	0.01	4.96
1797.75	0.00	1.14
449.44	0.00	1.14
898.88	0.00	5.41
1797.57	0.01	3.97
449.44	0.00	6.99
898.88	0.00	5.27
1797.57	0.01	4.23
449.44	0.00	5.85
898.79	0.01	3.50
1797.75	0.00	3.18
449.44	0.00	2.92
898.88	0.00	3.17
1797.57	0.01	5.41
449.44	0.00	2.92
898.88	0.00	5.53
1797.75	0.00	6.00
449.44	0.00	3.43
898.79	0.01	2.04
1797.75	0.00	2.73
449.44	0.00	7.62
898.88	0.00	3.37
1797.75	0.00	4.13
449.39	0.01	7.88
898.88	0.00	4.07
1797.75	0.00	3.46
449.44	0.00	4.32
898.79	0.01	2.73
1797.57	0.01	2.73
449.44	0.00	3.81
898.88	0.00	4.51
1797.75	0.00	3.62
449.44	0.00	7.21
898.88	0.00	5.19
1797.39	0.02	4.88
449.44	0.00	3.81
898.79	0.01	7.44
1797.75	0.00	4.46
449.44	0.00	3.81
898.79	0.01	4.39
1797.75	0.00	3.68
449.44	0.00	2.28
898.88	0.00	3.05
1797.75	0.00	3.17
449.44	0.00	3.54
898.88	0.00	1.14
1797.39	0.02	1.73
449.35	0.02	5.17
898.61	0.03	4.98
1797.75	0.00	1.41
449.39	0.01	5.29
898.88	0.00	3.72
1797.57	0.01	4.23
449.44	0.00	2.92
898.88	0.00	3.49
1797.75	0.00	3.52
449.44	0.00	3.25
898.79	0.01	3.44
1797.75	0.00	1.45
449.44	0.00	3.17
898.88	0.00	1.14
1797.75	0.00	2.73
449.44	0.00	3.36
898.88	0.00	1.19
1797.57	0.01	4.42
449.39	0.01	4.40
898.88	0.00	3.43
1797.75	0.00	2.78
449.39	0.01	5.21
898.88	0.00	3.62
1797.75	0.00	3.59
449.44	0.00	4.00
898.79	0.01	4.19
1797.57	0.01	4.32
449.44	0.00	5.98
898.79	0.01	7.00
1797.57	0.01	5.00
449.35	0.02	6.88
898.88	0.00	3.84
1797.75	0.00	1.97
449.39	0.01	5.55
898.88	0.00	2.92
1797.75	0.00	3.45
449.44	0.00	5.14
898.79	0.01	5.47
1797.57	0.01	8.52
449.35	0.02	2.66
898.88	0.00	3.17
1797.75	0.00	3.17
449.39	0.01	2.63
898.88	0.00	4.32
1797.75	0.00	1.59
449.44	0.00	1.14
898.88	0.00	3.18
1797.57	0.01	4.10
